# size 75861125
1390
2129
2776
2958
4380
4658
4953
5233
5906
6226
6447
7053
7302
7831
8251
8377
8378
8434
9104
9475
10145
10528
10539
10925
11229
11623
11860
11941
12718
13224
13503
13589
14706
40
215
275
347
373
434
447
494
502
540
551
679
832
1095
1180
1300
1344
1362
1447
1448
1484
1609
1618
1775
1783
1786
1787
1788
1906
2038
2046
2309
2339
2639
2654
2657
2721
2741
2922
3007
3044
3177
3221
3349
3401
3621
3646
3859
4075
4256
4302
4373
4425
4446
4529
4635
4762
4776
4799
4886
4931
5066
5149
5211
5212
5231
5244
5394
5499
5706
5715
5751
5788
5808
5999
6141
6192
6341
6370
6390
6509
6526
6686
6732
6836
6851
6876
6893
7116
7239
7268
7407
7479
7537
7604
7635
7660
7661
7730
7850
7853
7885
7891
8005
8080
8162
8165
8256
8260
8306
8419
8424
8476
8500
8537
8737
8743
8760
8821
8824
8841
8856
8894
8948
8951
9043
9089
9101
9293
9426
9458
9590
9618
9634
9694
9854
9897
9962
9963
10005
10006
10058
10136
10140
10181
10221
10313
10446
10475
10482
10484
10581
10614
10751
10945
10946
10947
10961
10973
10978
11038
11062
11158
11177
11197
11415
11494
11566
11739
11777
11786
11833
11922
12017
12074
12082
12136
12224
12759
12833
12873
12903
12973
12991
13004
13008
13010
13020
13253
13407
13467
13488
13504
13505
13603
13686
13964
13979
14028
14033
14410
14456
14548
14783
14796
14814
14883
14885
14958
14982
15157
15215
5
8
10
28
30
42
48
69
71
82
92
145
154
162
177
219
242
249
253
257
295
310
316
328
341
360
369
379
437
454
465
475
483
499
507
539
549
589
591
610
648
670
714
740
776
786
787
796
813
814
845
853
854
881
920
921
960
1018
1020
1032
1037
1067
1108
1120
1124
1128
1131
1157
1194
1202
1230
1272
1277
1312
1324
1326
1364
1386
1435
1458
1467
1470
1476
1485
1492
1503
1537
1542
1570
1607
1614
1625
1628
1637
1682
1707
1720
1735
1767
1803
1808
1815
1821
1823
1824
1848
1857
1874
1888
1895
1933
1945
1965
1966
1997
2005
2018
2019
2023
2044
2053
2054
2086
2094
2130
2137
2145
2172
2182
2186
2210
2218
2225
2239
2240
2266
2293
2294
2297
2325
2326
2332
2335
2362
2384
2396
2439
2440
2446
2461
2477
2483
2522
2528
2529
2556
2558
2561
2581
2587
2591
2621
2624
2644
2660
2676
2678
2699
2705
2720
2744
2764
2769
2774
2783
2784
2791
2793
2801
2817
2854
2876
2907
2912
2918
2950
2953
2956
2964
2989
2993
3025
3028
3036
3037
3046
3047
3068
3087
3114
3131
3140
3203
3214
3234
3239
3251
3288
3331
3342
3346
3380
3388
3397
3488
3518
3520
3526
3537
3551
3560
3562
3563
3577
3584
3586
3606
3611
3631
3633
3652
3701
3709
3710
3714
3725
3727
3769
3770
3790
3802
3815
3848
3876
3908
3911
3915
3917
3927
3939
3965
3966
3971
3995
4017
4031
4047
4067
4072
4082
4114
4128
4142
4149
4177
4200
4217
4224
4242
4255
4274
4301
4313
4314
4358
4369
4374
4397
4418
4432
4471
4494
4515
4519
4524
4535
4585
4588
4592
4608
4627
4631
4634
4696
4714
4729
4753
4757
4796
4800
4842
4866
4874
4915
4929
4936
4962
4973
4975
4996
5000
5003
5052
5057
5071
5078
5093
5111
5125
5127
5134
5142
5154
5161
5164
5203
5214
5228
5253
5256
5275
5307
5325
5345
5347
5370
5382
5398
5400
5428
5454
5477
5550
5605
5616
5629
5686
5688
5711
5719
5731
5734
5743
5745
5767
5820
5848
5853
5856
5894
5907
5924
5933
5940
5963
5966
5987
6073
6083
6116
6227
6244
6281
6286
6289
6291
6333
6335
6343
6363
6400
6423
6449
6455
6460
6479
6501
6539
6555
6565
6589
6622
6654
6690
6710
6713
6738
6765
6776
6788
6850
6852
6873
6919
6931
6951
6960
6965
6972
6974
6995
7006
7012
7024
7048
7049
7051
7052
7060
7088
7092
7107
7119
7120
7147
7148
7160
7169
7175
7188
7201
7232
7236
7240
7263
7278
7303
7321
7331
7341
7342
7372
7389
7391
7396
7426
7453
7459
7486
7507
7509
7510
7512
7520
7565
7568
7642
7645
7688
7690
7699
7717
7737
7739
7747
7793
7800
7804
7810
7814
7826
7829
7847
7861
7874
7894
7912
7925
7930
7939
7976
7984
8003
8008
8042
8061
8063
8078
8079
8121
8124
8133
8134
8137
8149
8156
8193
8210
8259
8318
8336
8354
8357
8370
8374
8387
8390
8398
8426
8429
8436
8451
8507
8526
8532
8553
8564
8566
8567
8576
8586
8588
8600
8602
8690
8727
8744
8767
8787
8817
8835
8838
8858
8875
8879
8893
8921
8922
8978
9008
9056
9081
9090
9097
9105
9114
9143
9148
9149
9190
9226
9249
9264
9266
9269
9274
9287
9318
9372
9400
9401
9420
9433
9440
9478
9522
9528
9532
9534
9594
9595
9601
9610
9620
9636
9639
9670
9680
9681
9708
9774
9825
9843
9852
9857
9893
9902
9922
9933
9942
9969
9984
10001
10028
10037
10051
10063
10067
10075
10102
10118
10155
10163
10165
10182
10189
10190
10191
10206
10211
10263
10277
10298
10366
10368
10389
10390
10401
10429
10463
10534
10538
10587
10676
10684
10712
10746
10772
10811
10817
10829
10844
10848
10858
10869
10875
10923
10936
10948
10954
10976
10982
10990
11019
11031
11035
11059
11104
11189
11200
11210
11213
11215
11218
11257
11311
11315
11316
11318
11330
11349
11365
11401
11416
11439
11449
11463
11524
11600
11624
11633
11637
11640
11702
11738
11764
11787
11793
11795
11845
11862
11876
11887
11894
11926
11990
11999
12012
12015
12026
12055
12063
12112
12116
12135
12193
12210
12234
12239
12254
12280
12288
12297
12303
12331
12408
12442
12446
12489
12519
12563
12570
12611
12615
12619
12640
12647
12673
12704
12707
12719
12734
12757
12783
12789
12812
12868
12875
12895
12910
12928
12995
13096
13111
13158
13211
13241
13265
13396
13399
13404
13411
13432
13459
13461
13485
13487
13560
13570
13585
13596
13613
13639
13656
13666
13671
13690
13723
13724
13726
13756
13791
13793
13794
13820
13870
13878
13901
13946
13983
13997
14015
14020
14029
14070
14080
14095
14121
14145
14191
14252
14263
14283
14294
14392
14412
14440
14455
14459
14488
14527
14569
14584
14701
14765
14790
14804
14864
14887
14926
14934
14965
15019
15030
15031
15073
15207
15218
9
19
26
38
43
51
55
56
58
60
61
62
73
77
79
83
85
98
104
112
116
119
126
140
143
146
147
155
163
171
172
187
188
209
210
212
223
226
227
232
239
244
254
260
262
266
267
280
281
286
293
300
305
308
323
326
346
350
365
381
397
401
403
405
416
418
422
425
438
449
462
464
468
470
471
477
480
496
503
509
510
511
516
524
532
544
552
576
580
582
587
590
618
626
649
653
660
664
680
686
698
703
715
717
720
721
730
751
753
760
763
771
775
782
783
784
797
799
820
822
836
846
847
848
859
863
872
873
874
880
889
904
906
909
911
915
924
927
933
953
955
969
982
988
991
993
1015
1017
1025
1034
1038
1042
1053
1060
1063
1074
1089
1101
1110
1112
1133
1141
1144
1148
1152
1162
1167
1169
1189
1192
1204
1209
1210
1212
1223
1229
1232
1244
1257
1260
1266
1268
1270
1276
1289
1296
1302
1303
1307
1308
1318
1327
1334
1335
1355
1358
1368
1372
1375
1380
1397
1403
1409
1420
1425
1426
1443
1475
1481
1489
1490
1493
1494
1496
1500
1519
1523
1533
1534
1547
1561
1568
1575
1578
1592
1610
1611
1612
1613
1619
1622
1624
1631
1635
1641
1650
1655
1671
1676
1684
1685
1689
1694
1697
1699
1711
1713
1714
1724
1726
1733
1739
1748
1749
1759
1764
1769
1782
1794
1796
1802
1804
1814
1830
1850
1854
1855
1859
1861
1890
1897
1901
1902
1926
1927
1928
1937
1944
1953
1955
1956
1958
1967
1973
1974
1982
1990
1995
2002
2008
2009
2010
2056
2057
2058
2061
2064
2069
2070
2089
2097
2107
2112
2115
2121
2127
2135
2138
2146
2149
2153
2170
2173
2183
2194
2209
2226
2231
2244
2245
2249
2256
2262
2276
2279
2288
2299
2304
2324
2343
2344
2347
2361
2385
2388
2408
2419
2421
2422
2424
2436
2455
2471
2474
2486
2488
2496
2506
2508
2518
2525
2530
2540
2546
2550
2553
2557
2559
2579
2583
2586
2589
2592
2595
2603
2607
2611
2620
2626
2629
2630
2631
2633
2641
2646
2653
2658
2668
2675
2681
2684
2687
2690
2697
2701
2703
2719
2739
2749
2750
2761
2766
2773
2777
2785
2796
2820
2825
2829
2830
2844
2846
2849
2870
2903
2910
2932
2939
2948
2976
2977
2984
3005
3006
3009
3015
3016
3022
3023
3027
3032
3035
3039
3040
3063
3073
3081
3084
3088
3098
3101
3102
3106
3108
3127
3130
3133
3139
3147
3149
3166
3172
3179
3181
3188
3202
3212
3216
3224
3242
3248
3250
3253
3258
3262
3266
3269
3274
3279
3295
3309
3319
3325
3329
3332
3333
3336
3338
3345
3359
3362
3365
3372
3374
3390
3402
3405
3407
3411
3416
3418
3419
3422
3437
3443
3446
3461
3463
3481
3486
3493
3498
3499
3515
3521
3549
3554
3555
3559
3569
3573
3585
3604
3613
3617
3628
3630
3640
3647
3656
3658
3659
3679
3682
3684
3692
3695
3699
3703
3707
3716
3735
3746
3753
3758
3762
3767
3768
3771
3791
3799
3800
3805
3811
3818
3820
3822
3824
3831
3833
3835
3846
3850
3856
3875
3899
3901
3912
3940
3951
3952
3968
3980
3987
4000
4004
4005
4008
4011
4025
4058
4066
4076
4079
4085
4090
4094
4097
4100
4103
4116
4121
4131
4158
4162
4164
4169
4179
4180
4183
4184
4191
4196
4199
4210
4234
4235
4245
4257
4260
4264
4272
4279
4286
4296
4297
4321
4328
4329
4333
4349
4351
4356
4366
4367
4376
4377
4387
4390
4398
4413
4414
4421
4433
4439
4447
4453
4454
4472
4484
4485
4488
4489
4490
4493
4509
4525
4547
4568
4576
4578
4579
4580
4586
4590
4594
4609
4623
4632
4665
4677
4680
4688
4692
4693
4706
4709
4711
4717
4742
4752
4754
4755
4806
4809
4816
4827
4843
4864
4871
4873
4893
4906
4909
4917
4920
4925
4941
4942
4971
4976
4978
4982
4983
5010
5015
5018
5022
5032
5038
5047
5089
5095
5108
5115
5120
5122
5151
5162
5178
5187
5191
5204
5207
5221
5243
5263
5278
5283
5285
5286
5298
5306
5317
5321
5322
5326
5332
5346
5387
5388
5389
5395
5402
5419
5432
5435
5445
5446
5455
5461
5489
5524
5529
5530
5538
5539
5552
5562
5588
5591
5599
5615
5628
5636
5641
5647
5668
5669
5675
5726
5736
5737
5741
5753
5758
5768
5769
5776
5800
5821
5858
5859
5870
5871
5882
5885
5896
5911
5928
5941
5950
5951
5955
5964
5978
5985
5988
5995
5998
6006
6010
6014
6051
6053
6063
6070
6077
6079
6102
6104
6113
6127
6129
6151
6152
6158
6173
6180
6191
6200
6205
6217
6253
6255
6261
6263
6268
6273
6274
6275
6276
6278
6279
6300
6306
6311
6344
6366
6369
6371
6374
6375
6377
6398
6401
6407
6421
6426
6446
6456
6471
6478
6482
6490
6491
6500
6505
6517
6518
6536
6545
6556
6558
6570
6580
6587
6597
6600
6617
6629
6633
6636
6637
6640
6648
6650
6673
6674
6679
6687
6704
6720
6727
6735
6739
6744
6747
6749
6750
6759
6766
6770
6785
6801
6802
6819
6824
6825
6841
6843
6868
6874
6880
6896
6906
6916
6917
6923
6925
6926
6928
6935
6939
6947
6955
6966
6970
6989
6998
7004
7022
7039
7040
7058
7063
7067
7069
7075
7079
7086
7094
7122
7123
7125
7140
7165
7172
7177
7182
7190
7192
7207
7209
7211
7212
7224
7225
7227
7234
7246
7250
7254
7255
7267
7280
7283
7286
7295
7296
7319
7322
7323
7324
7325
7332
7337
7348
7366
7367
7373
7376
7377
7380
7399
7404
7408
7410
7418
7422
7440
7442
7445
7456
7467
7480
7494
7504
7522
7528
7539
7545
7574
7576
7585
7612
7623
7630
7631
7637
7639
7655
7667
7669
7675
7677
7682
7707
7715
7722
7723
7724
7725
7752
7755
7756
7769
7772
7787
7790
7795
7811
7836
7855
7865
7876
7882
7919
7922
7923
7933
7940
7947
7948
7957
7967
7969
7977
7981
7982
7983
7988
7999
8001
8017
8032
8043
8051
8054
8058
8060
8062
8082
8083
8088
8089
8102
8104
8112
8115
8131
8135
8141
8158
8159
8185
8196
8205
8208
8213
8215
8218
8221
8224
8234
8241
8242
8243
8246
8248
8257
8262
8268
8277
8292
8326
8331
8335
8339
8343
8344
8348
8349
8351
8365
8379
8409
8410
8439
8452
8454
8457
8458
8462
8471
8479
8499
8520
8541
8548
8569
8570
8572
8582
8627
8658
8666
8669
8672
8683
8691
8707
8712
8716
8719
8724
8739
8742
8745
8750
8775
8780
8785
8794
8804
8827
8829
8833
8851
8852
8877
8889
8892
8896
8899
8903
8914
8936
8940
8956
8957
8962
8968
8971
8972
8980
8987
8996
9010
9012
9017
9035
9040
9047
9057
9059
9063
9070
9072
9098
9099
9172
9173
9181
9187
9221
9223
9227
9231
9237
9239
9240
9241
9244
9252
9255
9262
9263
9273
9303
9308
9312
9314
9315
9320
9325
9330
9339
9342
9344
9354
9359
9373
9383
9388
9398
9408
9416
9418
9423
9424
9428
9444
9452
9464
9471
9495
9503
9504
9517
9523
9526
9550
9563
9573
9576
9585
9602
9603
9605
9633
9640
9679
9688
9705
9711
9712
9722
9725
9727
9731
9733
9739
9741
9752
9763
9782
9784
9787
9798
9807
9818
9820
9827
9845
9863
9866
9869
9877
9923
9926
9928
9938
9957
9959
9975
9994
10004
10011
10012
10031
10035
10053
10055
10061
10070
10078
10079
10090
10093
10094
10097
10099
10107
10114
10129
10134
10143
10152
10153
10159
10161
10178
10212
10214
10240
10249
10256
10258
10276
10278
10290
10315
10322
10327
10331
10334
10335
10338
10339
10343
10344
10352
10361
10363
10385
10386
10427
10428
10431
10441
10444
10448
10462
10467
10468
10478
10495
10503
10511
10512
10544
10579
10591
10602
10611
10671
10673
10674
10679
10681
10689
10723
10726
10728
10734
10739
10749
10750
10755
10757
10758
10762
10763
10765
10781
10788
10800
10809
10814
10824
10826
10827
10830
10831
10832
10855
10857
10872
10885
10891
10907
10941
10951
10958
10959
10966
10986
10997
10999
11000
11009
11023
11025
11037
11047
11048
11057
11058
11076
11081
11090
11110
11118
11127
11146
11148
11156
11157
11160
11165
11169
11187
11198
11199
11211
11242
11245
11270
11299
11300
11306
11325
11334
11342
11344
11352
11354
11361
11373
11387
11413
11417
11421
11436
11440
11441
11456
11471
11476
11479
11482
11487
11489
11503
11516
11527
11541
11546
11555
11580
11605
11608
11612
11613
11616
11620
11621
11649
11658
11661
11667
11670
11672
11678
11698
11715
11718
11726
11729
11746
11754
11761
11788
11790
11798
11807
11809
11816
11829
11848
11852
11865
11870
11884
11904
11913
11915
11916
11921
11925
11930
11939
11950
11954
11955
11965
11988
11995
12010
12014
12025
12035
12039
12041
12046
12051
12061
12070
12071
12081
12083
12089
12093
12098
12115
12123
12127
12128
12143
12156
12163
12167
12170
12176
12178
12188
12197
12201
12203
12205
12213
12228
12241
12247
12250
12256
12266
12270
12283
12294
12302
12304
12314
12318
12322
12325
12335
12382
12385
12416
12419
12421
12422
12426
12434
12436
12440
12441
12452
12504
12508
12511
12522
12533
12546
12555
12576
12590
12595
12606
12612
12614
12623
12634
12636
12650
12654
12661
12666
12667
12670
12705
12717
12724
12729
12737
12738
12739
12742
12749
12753
12754
12755
12760
12763
12791
12794
12813
12827
12854
12855
12861
12865
12869
12870
12877
12883
12891
12893
12923
12925
12936
12937
12949
12965
12970
12977
12982
12985
12996
13007
13017
13018
13025
13027
13034
13042
13052
13056
13060
13062
13076
13084
13097
13104
13107
13108
13114
13139
13165
13170
13178
13182
13203
13216
13227
13239
13245
13268
13269
13270
13280
13289
13292
13300
13315
13339
13348
13367
13371
13373
13378
13393
13398
13405
13408
13422
13425
13440
13442
13454
13458
13471
13476
13483
13494
13499
13500
13509
13515
13524
13526
13539
13540
13542
13553
13559
13562
13581
13583
13599
13616
13647
13659
13674
13676
13680
13684
13692
13706
13710
13732
13738
13739
13743
13747
13748
13749
13758
13770
13772
13773
13777
13783
13784
13807
13821
13828
13846
13852
13854
13858
13862
13865
13883
13896
13910
13922
13928
13937
13950
13958
13970
13972
13977
13989
13999
14003
14006
14009
14011
14030
14040
14052
14066
14078
14094
14099
14111
14128
14136
14142
14155
14186
14206
14216
14222
14233
14237
14251
14260
14262
14269
14270
14274
14312
14324
14325
14352
14354
14365
14368
14378
14384
14400
14404
14416
14424
14426
14462
14482
14484
14517
14528
14531
14532
14535
14565
14566
14572
14605
14606
14618
14619
14624
14644
14658
14661
14665
14676
14677
14694
14698
14720
14722
14727
14728
14739
14741
14749
14794
14803
14806
14812
14827
14829
14832
14840
14842
14848
14849
14868
14869
14890
14891
14892
14893
14902
14924
14925
14936
14943
14952
14970
14974
14976
14984
14996
15008
15016
15017
15018
15034
15045
15066
15068
15077
15083
15104
15111
15118
15119
15124
15125
15135
15152
15153
15170
15174
15185
15197
15199
3
12
18
20
21
23
27
29
32
41
44
52
57
63
66
80
95
100
101
110
114
115
118
124
135
137
138
139
141
149
151
152
164
167
168
169
170
174
176
178
179
182
184
186
196
207
208
214
220
224
229
245
246
255
258
259
269
270
276
278
290
292
294
304
311
322
324
327
329
330
331
334
335
337
338
342
343
357
359
361
363
366
371
385
387
390
394
398
404
409
410
415
417
419
420
421
423
426
435
440
444
450
453
455
458
461
466
469
473
474
476
479
484
490
491
498
505
517
523
525
526
528
530
531
533
534
541
542
545
570
583
585
586
597
599
602
603
604
605
607
612
616
617
619
621
623
635
639
645
646
650
652
655
662
665
666
684
690
691
694
700
702
706
707
708
709
710
712
724
733
734
735
737
742
744
745
749
757
761
773
781
791
793
807
809
810
811
812
815
816
817
827
828
838
839
842
850
858
867
869
875
879
882
884
885
887
888
892
898
913
916
919
926
929
930
934
935
937
938
940
941
943
945
950
956
957
958
963
965
970
974
975
994
995
996
997
1004
1007
1011
1022
1023
1024
1026
1029
1035
1047
1050
1052
1054
1058
1071
1073
1076
1080
1084
1088
1091
1099
1105
1107
1116
1117
1119
1121
1132
1138
1139
1143
1146
1150
1159
1160
1161
1164
1168
1175
1191
1196
1208
1228
1236
1237
1250
1254
1274
1278
1281
1282
1305
1310
1314
1315
1321
1332
1333
1339
1340
1350
1357
1361
1377
1378
1385
1387
1389
1400
1402
1411
1413
1415
1421
1422
1424
1429
1431
1432
1442
1444
1450
1453
1455
1456
1460
1463
1465
1480
1486
1488
1497
1505
1507
1509
1514
1516
1521
1522
1529
1530
1535
1540
1545
1546
1550
1559
1564
1572
1576
1579
1593
1601
1606
1608
1615
1616
1621
1623
1626
1627
1640
1642
1647
1665
1673
1677
1698
1701
1704
1719
1725
1731
1734
1736
1737
1753
1757
1761
1763
1778
1779
1795
1799
1800
1801
1805
1809
1810
1811
1820
1825
1826
1827
1829
1832
1837
1840
1842
1845
1846
1853
1864
1865
1867
1885
1886
1887
1892
1905
1911
1912
1913
1921
1923
1924
1930
1939
1943
1947
1957
1959
1962
1963
1987
1989
1991
2000
2006
2011
2017
2024
2025
2029
2032
2037
2039
2045
2047
2048
2050
2052
2066
2067
2071
2074
2075
2077
2085
2087
2098
2100
2101
2110
2118
2122
2126
2136
2139
2142
2144
2147
2148
2152
2154
2161
2163
2167
2168
2174
2177
2180
2185
2197
2200
2208
2211
2223
2228
2248
2251
2253
2254
2255
2259
2267
2271
2275
2277
2280
2282
2285
2289
2295
2307
2320
2327
2334
2340
2341
2345
2353
2355
2359
2365
2369
2370
2371
2376
2377
2378
2381
2382
2402
2404
2413
2415
2417
2426
2431
2445
2450
2451
2457
2462
2463
2469
2473
2482
2487
2495
2500
2501
2503
2507
2510
2524
2533
2537
2541
2545
2555
2563
2564
2569
2590
2608
2610
2612
2613
2615
2634
2643
2648
2652
2666
2672
2673
2674
2682
2683
2686
2689
2692
2706
2713
2729
2733
2742
2745
2753
2758
2763
2767
2780
2781
2782
2789
2795
2799
2802
2804
2808
2815
2828
2848
2859
2862
2865
2877
2882
2887
2893
2898
2905
2914
2915
2916
2919
2927
2928
2933
2949
2951
2955
2968
2972
2973
2974
2981
2982
2985
2995
3003
3004
3014
3017
3018
3024
3033
3038
3041
3043
3050
3057
3059
3060
3066
3077
3080
3090
3092
3099
3100
3103
3115
3120
3126
3134
3143
3144
3153
3158
3160
3163
3164
3175
3176
3178
3190
3193
3206
3207
3211
3218
3223
3229
3236
3243
3244
3249
3255
3257
3263
3268
3271
3280
3285
3292
3297
3305
3307
3315
3318
3320
3327
3328
3339
3344
3347
3350
3357
3361
3363
3379
3385
3389
3393
3406
3415
3433
3449
3450
3453
3458
3459
3469
3471
3473
3480
3489
3490
3491
3492
3494
3497
3508
3519
3523
3527
3530
3534
3538
3544
3546
3547
3548
3558
3593
3598
3609
3619
3624
3634
3636
3638
3641
3654
3661
3663
3672
3674
3678
3681
3688
3693
3696
3697
3704
3715
3718
3729
3736
3740
3744
3749
3751
3752
3754
3755
3761
3763
3764
3773
3777
3778
3780
3781
3783
3785
3787
3794
3795
3809
3810
3819
3827
3841
3866
3873
3874
3878
3880
3886
3889
3904
3905
3906
3907
3910
3918
3926
3935
3937
3947
3948
3954
3973
3974
3975
3982
3983
3990
3992
3994
3997
3999
4002
4003
4020
4021
4030
4032
4033
4040
4045
4053
4060
4064
4065
4068
4083
4086
4087
4092
4096
4107
4108
4111
4129
4133
4135
4146
4148
4159
4168
4172
4174
4175
4188
4189
4198
4207
4213
4216
4230
4236
4239
4241
4246
4249
4252
4261
4265
4266
4271
4273
4280
4284
4287
4299
4300
4310
4316
4319
4320
4322
4323
4326
4338
4346
4350
4355
4357
4360
4399
4400
4402
4404
4406
4407
4408
4410
4412
4419
4420
4424
4434
4435
4437
4438
4440
4444
4463
4465
4466
4467
4476
4477
4498
4503
4505
4508
4510
4514
4516
4518
4523
4526
4530
4534
4537
4540
4543
4548
4559
4561
4565
4566
4577
4582
4596
4598
4601
4603
4604
4605
4612
4615
4620
4622
4626
4630
4641
4643
4644
4645
4648
4649
4650
4652
4653
4654
4657
4666
4672
4689
4697
4700
4701
4704
4707
4713
4716
4719
4723
4726
4730
4736
4740
4741
4746
4763
4766
4767
4768
4769
4773
4785
4797
4801
4804
4810
4812
4814
4830
4831
4835
4840
4854
4856
4862
4869
4870
4875
4876
4879
4882
4883
4895
4896
4897
4902
4913
4919
4921
4923
4933
4943
4947
4949
4952
4958
4964
4968
4969
4970
4980
4988
5008
5012
5025
5030
5033
5034
5035
5040
5043
5044
5048
5054
5055
5058
5063
5068
5076
5084
5097
5098
5103
5105
5106
5107
5114
5119
5121
5137
5139
5147
5148
5150
5152
5159
5166
5168
5169
5176
5180
5188
5192
5193
5195
5196
5200
5215
5218
5220
5229
5234
5247
5248
5254
5261
5268
5269
5270
5274
5276
5280
5281
5288
5292
5302
5308
5328
5331
5340
5344
5354
5368
5376
5379
5383
5385
5386
5390
5399
5403
5409
5417
5418
5422
5433
5436
5438
5440
5448
5452
5473
5474
5485
5493
5496
5497
5500
5501
5502
5509
5514
5515
5518
5521
5527
5534
5537
5540
5554
5559
5561
5563
5564
5565
5574
5577
5589
5592
5594
5596
5601
5609
5613
5621
5632
5633
5646
5649
5651
5652
5654
5662
5671
5681
5687
5691
5694
5698
5702
5703
5704
5712
5713
5716
5717
5720
5722
5723
5724
5739
5748
5759
5760
5762
5772
5778
5786
5791
5795
5799
5806
5809
5812
5815
5816
5823
5825
5827
5830
5831
5839
5841
5843
5847
5850
5862
5863
5866
5872
5875
5877
5883
5891
5892
5895
5899
5901
5904
5922
5930
5937
5939
5944
5945
5949
5957
5959
5962
5965
5969
5973
5982
5983
5986
6002
6003
6009
6013
6018
6023
6026
6030
6032
6036
6038
6040
6049
6056
6059
6060
6064
6066
6069
6071
6072
6074
6080
6093
6095
6096
6097
6100
6108
6110
6112
6117
6120
6121
6123
6131
6132
6133
6136
6137
6138
6142
6143
6160
6171
6174
6183
6187
6188
6194
6206
6209
6211
6218
6220
6222
6224
6232
6233
6242
6245
6259
6266
6267
6270
6272
6283
6284
6285
6288
6294
6296
6305
6307
6312
6321
6325
6334
6347
6348
6351
6352
6353
6362
6364
6380
6387
6389
6391
6392
6397
6404
6408
6411
6415
6416
6417
6427
6435
6442
6443
6445
6448
6450
6451
6458
6459
6463
6470
6475
6481
6494
6510
6514
6520
6521
6523
6528
6531
6538
6544
6551
6560
6562
6566
6572
6573
6583
6586
6588
6593
6595
6601
6603
6605
6610
6615
6618
6621
6624
6626
6628
6632
6639
6641
6645
6646
6660
6662
6665
6671
6681
6682
6693
6694
6695
6697
6698
6709
6718
6721
6723
6725
6731
6733
6736
6737
6748
6760
6764
6779
6780
6789
6794
6797
6803
6807
6813
6827
6830
6832
6834
6838
6839
6842
6846
6861
6865
6871
6872
6886
6889
6892
6901
6912
6920
6924
6944
6945
6952
6956
6958
6962
6964
6975
6977
6980
6990
6991
6994
6999
7000
7007
7008
7009
7013
7026
7029
7030
7035
7037
7047
7056
7065
7072
7080
7089
7090
7099
7101
7102
7112
7113
7117
7118
7128
7130
7131
7133
7134
7138
7141
7142
7154
7157
7158
7166
7167
7168
7170
7174
7180
7186
7189
7195
7206
7215
7221
7226
7235
7238
7241
7247
7265
7269
7272
7276
7285
7288
7289
7291
7306
7308
7310
7313
7317
7326
7339
7340
7346
7351
7356
7364
7371
7384
7394
7409
7411
7420
7427
7430
7436
7437
7439
7441
7460
7461
7466
7471
7496
7497
7499
7500
7501
7508
7515
7519
7521
7525
7546
7551
7557
7560
7566
7575
7586
7596
7600
7603
7607
7616
7617
7619
7628
7633
7651
7665
7671
7704
7708
7713
7714
7729
7742
7748
7750
7762
7768
7775
7779
7782
7783
7784
7794
7796
7808
7816
7817
7820
7822
7830
7834
7835
7843
7844
7846
7849
7858
7875
7878
7890
7898
7899
7901
7903
7906
7908
7911
7913
7914
7917
7932
7942
7954
7961
7966
7970
7978
7979
7987
7989
7998
8007
8012
8016
8019
8021
8024
8027
8039
8047
8053
8055
8056
8064
8074
8084
8090
8095
8098
8099
8100
8103
8108
8109
8111
8114
8127
8129
8142
8145
8150
8154
8168
8171
8173
8179
8180
8186
8191
8194
8198
8199
8200
8202
8204
8206
8212
8220
8227
8228
8231
8232
8236
8238
8240
8244
8245
8252
8253
8254
8258
8261
8263
8264
8266
8276
8279
8281
8285
8293
8296
8297
8298
8301
8310
8312
8313
8315
8317
8321
8327
8332
8346
8347
8359
8360
8364
8366
8395
8408
8416
8423
8428
8430
8438
8442
8446
8447
8455
8469
8470
8473
8475
8480
8482
8483
8487
8489
8493
8514
8516
8522
8529
8535
8544
8547
8550
8561
8581
8584
8592
8598
8605
8611
8619
8624
8626
8634
8640
8641
8643
8646
8650
8653
8662
8667
8684
8687
8697
8698
8699
8703
8708
8713
8720
8723
8725
8729
8730
8735
8740
8753
8756
8757
8762
8765
8768
8776
8782
8792
8796
8806
8807
8808
8810
8811
8815
8820
8823
8825
8839
8842
8846
8848
8857
8859
8862
8869
8873
8876
8880
8881
8884
8885
8886
8890
8897
8898
8901
8907
8913
8915
8916
8927
8934
8938
8952
8954
8955
8960
8963
8969
8970
8974
8979
8983
8990
8994
9000
9003
9013
9021
9029
9036
9039
9044
9052
9061
9067
9073
9087
9091
9109
9125
9127
9136
9140
9153
9154
9155
9156
9158
9161
9165
9167
9169
9171
9176
9178
9179
9180
9194
9198
9201
9204
9213
9214
9217
9224
9242
9247
9268
9270
9272
9276
9279
9283
9284
9288
9290
9295
9299
9301
9304
9309
9311
9313
9317
9319
9326
9333
9334
9341
9343
9352
9353
9357
9360
9366
9368
9380
9381
9386
9390
9391
9393
9396
9413
9414
9415
9430
9431
9436
9438
9442
9443
9451
9474
9479
9480
9489
9490
9499
9506
9510
9511
9512
9516
9519
9524
9531
9537
9540
9549
9554
9567
9577
9580
9581
9588
9592
9593
9608
9613
9614
9615
9617
9621
9629
9638
9645
9646
9650
9659
9664
9667
9669
9671
9673
9676
9677
9683
9685
9691
9698
9700
9701
9703
9709
9713
9719
9720
9729
9734
9736
9745
9746
9750
9758
9764
9768
9772
9776
9778
9788
9794
9796
9797
9802
9803
9806
9811
9812
9813
9822
9826
9834
9842
9846
9848
9851
9855
9858
9859
9860
9864
9868
9871
9874
9878
9881
9885
9888
9909
9910
9927
9932
9934
9936
9946
9952
9953
9955
9958
9968
9976
9983
9986
9987
9989
9991
9995
10009
10010
10014
10026
10029
10030
10034
10036
10042
10044
10046
10050
10069
10071
10072
10084
10088
10109
10120
10122
10124
10131
10146
10147
10154
10158
10162
10167
10170
10172
10175
10184
10193
10196
10197
10207
10218
10223
10224
10228
10237
10239
10242
10251
10252
10253
10261
10268
10271
10272
10273
10274
10275
10280
10281
10282
10291
10308
10318
10321
10333
10336
10337
10347
10351
10353
10354
10355
10364
10378
10380
10383
10387
10396
10404
10405
10406
10411
10413
10414
10417
10425
10426
10432
10436
10447
10449
10450
10451
10453
10454
10461
10474
10480
10481
10490
10506
10508
10520
10525
10529
10536
10537
10541
10548
10553
10568
10577
10585
10586
10588
10589
10597
10605
10609
10620
10622
10627
10629
10634
10640
10643
10644
10645
10647
10649
10651
10653
10655
10659
10663
10669
10670
10672
10677
10680
10694
10699
10704
10705
10711
10716
10720
10729
10741
10744
10745
10748
10754
10756
10761
10780
10790
10798
10802
10804
10806
10808
10835
10839
10840
10846
10849
10854
10856
10863
10868
10871
10879
10881
10887
10890
10892
10898
10912
10913
10914
10921
10922
10926
10927
10933
10940
10957
10968
10984
10991
11005
11006
11015
11016
11018
11024
11039
11040
11041
11046
11055
11056
11064
11066
11067
11068
11073
11075
11082
11083
11091
11092
11093
11099
11112
11115
11121
11129
11134
11149
11161
11163
11164
11170
11172
11175
11182
11185
11188
11196
11205
11206
11207
11209
11214
11220
11221
11225
11233
11253
11258
11261
11268
11273
11274
11275
11280
11284
11286
11289
11291
11301
11307
11308
11319
11323
11328
11332
11338
11340
11369
11378
11381
11382
11383
11384
11385
11389
11396
11397
11403
11407
11412
11420
11422
11423
11424
11425
11426
11427
11431
11432
11442
11451
11458
11461
11469
11470
11473
11480
11484
11497
11498
11501
11502
11507
11514
11515
11523
11526
11533
11538
11539
11544
11551
11559
11563
11568
11570
11573
11583
11584
11586
11588
11619
11626
11628
11629
11634
11636
11657
11660
11662
11665
11675
11677
11680
11685
11686
11688
11690
11706
11707
11709
11716
11721
11723
11733
11737
11743
11756
11763
11770
11772
11783
11792
11796
11803
11804
11814
11821
11825
11827
11834
11838
11839
11841
11844
11847
11855
11858
11861
11863
11868
11871
11880
11893
11920
11924
11927
11932
11937
11942
11947
11953
11963
11970
11973
11980
11984
11993
12002
12003
12008
12021
12024
12030
12032
12053
12054
12059
12065
12078
12079
12086
12095
12096
12105
12108
12120
12125
12130
12134
12138
12139
12141
12142
12147
12150
12152
12154
12158
12168
12173
12174
12179
12186
12192
12195
12196
12208
12218
12222
12225
12226
12227
12231
12238
12251
12259
12260
12262
12264
12271
12273
12274
12276
12293
12307
12309
12311
12319
12330
12339
12340
12342
12345
12349
12364
12370
12373
12383
12386
12403
12405
12407
12410
12414
12438
12444
12447
12463
12471
12472
12475
12495
12496
12499
12500
12502
12505
12506
12513
12535
12539
12548
12551
12554
12559
12571
12580
12586
12588
12591
12593
12599
12605
12620
12624
12625
12626
12639
12644
12653
12665
12668
12690
12692
12695
12699
12700
12702
12703
12709
12715
12722
12725
12736
12741
12751
12761
12773
12776
12784
12785
12788
12792
12795
12800
12801
12805
12808
12816
12822
12828
12830
12837
12842
12845
12847
12849
12858
12874
12878
12885
12886
12888
12889
12900
12906
12909
12911
12916
12931
12934
12938
12939
12941
12943
12953
12963
12967
12980
12983
12984
13000
13003
13005
13006
13015
13023
13024
13026
13037
13038
13043
13046
13049
13054
13065
13070
13072
13080
13081
13082
13085
13086
13089
13090
13115
13116
13126
13128
13129
13132
13140
13142
13148
13160
13162
13166
13172
13181
13183
13188
13209
13221
13222
13228
13229
13233
13236
13238
13247
13249
13251
13252
13254
13258
13260
13266
13273
13276
13282
13283
13291
13294
13301
13303
13308
13321
13328
13332
13342
13349
13359
13361
13362
13363
13364
13382
13384
13397
13401
13406
13414
13421
13431
13445
13450
13453
13455
13472
13473
13475
13478
13481
13491
13496
13508
13511
13518
13521
13523
13529
13532
13534
13535
13536
13544
13550
13554
13566
13568
13574
13577
13578
13580
13591
13595
13597
13601
13602
13605
13608
13610
13619
13621
13628
13630
13633
13635
13636
13641
13644
13646
13649
13665
13667
13668
13677
13696
13707
13711
13722
13725
13727
13729
13731
13736
13740
13759
13765
13776
13779
13787
13790
13797
13799
13800
13816
13824
13825
13834
13844
13850
13855
13856
13861
13863
13864
13867
13869
13873
13887
13892
13900
13902
13907
13909
13919
13923
13936
13939
13940
13949
13952
13960
13967
13978
13986
13994
14018
14022
14037
14046
14047
14050
14051
14053
14054
14058
14061
14067
14071
14075
14077
14081
14082
14087
14093
14103
14106
14109
14124
14130
14131
14138
14141
14143
14151
14158
14162
14170
14175
14178
14182
14189
14193
14194
14195
14203
14204
14209
14211
14215
14219
14220
14227
14234
14246
14249
14259
14264
14278
14292
14297
14300
14303
14307
14316
14319
14340
14341
14343
14345
14349
14356
14360
14362
14364
14372
14381
14383
14385
14388
14397
14399
14405
14408
14414
14417
14422
14432
14437
14438
14451
14452
14457
14458
14461
14464
14466
14469
14487
14490
14491
14497
14500
14511
14515
14522
14526
14533
14553
14562
14568
14579
14583
14594
14595
14603
14611
14613
14617
14626
14627
14642
14650
14651
14655
14668
14679
14681
14682
14684
14687
14695
14696
14697
14700
14708
14709
14730
14732
14734
14736
14764
14766
14777
14779
14785
14808
14810
14816
14822
14824
14825
14830
14833
14837
14841
14851
14856
14863
14866
14867
14882
14889
14903
14908
14911
14916
14918
14921
14923
14928
14932
14938
14940
14946
14947
14949
14957
14963
14973
14979
14980
14986
14994
15006
15022
15025
15026
15029
15037
15040
15044
15049
15054
15057
15059
15064
15065
15067
15071
15074
15076
15085
15087
15088
15090
15091
15109
15110
15122
15123
15126
15138
15142
15145
15147
15154
15162
15166
15168
15178
15179
15189
15190
15196
15198
15203
15230
1
13
16
22
24
36
47
64
67
70
72
75
78
86
89
97
107
109
111
113
121
122
128
129
131
144
148
153
160
165
166
183
185
190
193
195
199
201
203
204
205
206
211
213
217
221
225
230
231
233
234
237
241
243
247
251
261
263
264
265
268
271
272
273
274
284
285
287
297
302
306
314
315
332
336
339
340
344
351
352
353
355
356
367
368
370
372
375
376
383
384
386
393
396
402
406
412
413
432
439
441
442
445
446
448
459
467
478
481
485
486
487
500
501
506
508
514
515
522
527
535
536
537
548
550
553
554
557
558
562
566
571
572
575
592
593
595
600
601
609
613
614
620
625
628
629
630
631
632
633
636
642
651
654
661
663
669
672
678
682
683
685
688
689
692
695
713
716
723
725
731
739
741
743
752
754
756
758
767
774
778
779
785
788
794
800
806
818
819
821
824
825
829
831
835
840
843
851
855
856
866
871
893
896
899
901
907
908
912
922
936
939
942
944
949
962
967
968
971
972
973
977
978
980
981
985
990
992
1001
1002
1019
1030
1031
1040
1051
1065
1069
1072
1081
1090
1092
1093
1102
1109
1115
1118
1127
1136
1142
1147
1154
1156
1163
1170
1171
1176
1179
1184
1188
1190
1197
1198
1203
1206
1207
1216
1217
1218
1219
1220
1222
1224
1227
1234
1239
1243
1245
1247
1248
1252
1253
1256
1259
1261
1262
1265
1267
1271
1275
1279
1280
1285
1291
1292
1293
1294
1299
1301
1304
1306
1309
1311
1317
1320
1329
1336
1337
1342
1343
1346
1347
1348
1351
1352
1354
1359
1363
1366
1370
1374
1379
1384
1388
1393
1395
1396
1398
1399
1408
1410
1412
1417
1418
1438
1439
1440
1459
1466
1469
1471
1473
1474
1479
1495
1504
1510
1511
1515
1518
1525
1527
1531
1536
1548
1553
1554
1558
1563
1573
1574
1581
1582
1583
1584
1586
1588
1589
1591
1596
1597
1600
1602
1603
1617
1620
1629
1632
1633
1636
1639
1646
1648
1651
1654
1658
1662
1664
1668
1670
1672
1678
1679
1683
1690
1696
1702
1709
1715
1718
1722
1727
1728
1729
1730
1740
1741
1744
1745
1746
1751
1752
1755
1756
1758
1770
1776
1784
1789
1790
1791
1793
1797
1812
1816
1817
1819
1831
1834
1835
1841
1844
1851
1852
1860
1868
1872
1873
1880
1881
1882
1883
1889
1893
1894
1899
1900
1907
1908
1910
1914
1916
1917
1919
1929
1931
1941
1952
1960
1978
1981
1983
1984
1992
1993
1996
1998
1999
2001
2004
2007
2020
2026
2030
2033
2034
2036
2040
2042
2051
2055
2065
2072
2079
2080
2081
2083
2088
2090
2091
2099
2102
2105
2106
2114
2117
2119
2123
2124
2141
2150
2156
2159
2165
2166
2176
2178
2184
2191
2192
2202
2204
2205
2206
2207
2224
2229
2233
2234
2236
2237
2241
2243
2247
2252
2261
2263
2264
2269
2273
2291
2292
2298
2300
2302
2305
2306
2315
2316
2317
2318
2329
2331
2333
2337
2338
2346
2350
2351
2357
2364
2366
2372
2373
2375
2379
2380
2389
2391
2392
2394
2395
2398
2400
2405
2407
2409
2416
2420
2423
2427
2428
2435
2437
2441
2448
2453
2456
2458
2459
2464
2465
2467
2479
2484
2489
2490
2491
2492
2493
2494
2498
2512
2514
2515
2517
2520
2521
2526
2527
2532
2534
2535
2542
2543
2549
2551
2552
2554
2565
2568
2573
2574
2575
2576
2578
2580
2596
2597
2600
2604
2609
2614
2617
2619
2627
2628
2640
2642
2650
2656
2667
2669
2670
2680
2693
2698
2702
2708
2712
2716
2722
2723
2725
2726
2730
2731
2738
2740
2746
2748
2752
2755
2759
2765
2768
2771
2772
2787
2792
2800
2803
2810
2814
2819
2822
2823
2824
2827
2832
2833
2838
2841
2852
2853
2856
2858
2861
2867
2868
2875
2879
2881
2883
2885
2889
2890
2894
2895
2904
2913
2923
2929
2930
2931
2934
2936
2941
2943
2945
2946
2959
2960
2967
2969
2970
2971
2983
2987
2988
2991
2998
3000
3002
3008
3010
3012
3020
3021
3030
3048
3049
3052
3061
3067
3070
3089
3093
3095
3096
3097
3105
3107
3111
3116
3117
3118
3121
3124
3125
3132
3135
3136
3137
3138
3141
3151
3154
3156
3157
3159
3161
3169
3170
3173
3185
3186
3197
3204
3210
3213
3217
3220
3228
3235
3237
3240
3247
3254
3256
3265
3277
3281
3298
3314
3316
3317
3326
3335
3343
3353
3355
3356
3358
3360
3366
3368
3373
3376
3377
3378
3381
3384
3386
3399
3403
3404
3409
3410
3414
3417
3423
3426
3429
3431
3432
3434
3435
3440
3441
3445
3454
3455
3456
3457
3460
3464
3465
3466
3467
3468
3470
3475
3476
3477
3496
3501
3502
3505
3507
3524
3525
3532
3533
3535
3543
3552
3566
3574
3582
3589
3590
3594
3596
3599
3601
3602
3605
3610
3614
3618
3622
3623
3627
3629
3632
3639
3642
3643
3644
3649
3651
3662
3664
3667
3668
3669
3670
3676
3680
3685
3686
3690
3705
3706
3712
3719
3721
3723
3724
3728
3731
3747
3750
3757
3759
3760
3779
3788
3793
3797
3798
3803
3813
3821
3829
3830
3834
3836
3840
3845
3847
3852
3853
3854
3855
3860
3862
3870
3871
3882
3888
3893
3895
3896
3898
3902
3913
3920
3928
3934
3938
3943
3945
3949
3960
3962
3963
3970
3976
3989
4016
4019
4024
4027
4028
4029
4034
4035
4036
4039
4050
4059
4074
4077
4084
4104
4105
4106
4109
4113
4115
4117
4118
4119
4120
4122
4124
4125
4130
4138
4139
4152
4156
4163
4167
4170
4171
4178
4186
4193
4194
4201
4204
4205
4206
4208
4218
4221
4222
4225
4226
4231
4238
4259
4267
4268
4277
4278
4281
4283
4292
4293
4303
4306
4311
4312
4327
4337
4339
4340
4341
4347
4352
4354
4359
4361
4362
4375
4378
4382
4388
4392
4394
4396
4411
4415
4426
4427
4436
4441
4443
4452
4455
4460
4461
4474
4475
4479
4480
4481
4483
4487
4491
4506
4513
4517
4520
4527
4528
4531
4532
4538
4541
4544
4549
4550
4551
4552
4554
4557
4560
4562
4564
4572
4573
4583
4584
4599
4610
4611
4614
4618
4619
4624
4625
4629
4637
4659
4660
4663
4670
4674
4675
4679
4684
4686
4691
4703
4715
4721
4724
4725
4731
4732
4735
4737
4738
4747
4751
4758
4760
4764
4770
4771
4774
4775
4777
4782
4784
4788
4790
4803
4805
4807
4808
4811
4818
4820
4821
4822
4824
4825
4828
4833
4834
4836
4837
4839
4841
4845
4848
4849
4850
4853
4858
4859
4860
4878
4887
4889
4901
4907
4911
4916
4922
4927
4928
4932
4937
4938
4944
4945
4950
4954
4960
4961
4972
4977
4984
4989
4991
4994
4995
4997
4999
5006
5009
5013
5016
5017
5019
5020
5021
5031
5036
5037
5049
5053
5061
5064
5065
5069
5072
5073
5074
5075
5081
5085
5086
5091
5102
5109
5113
5117
5123
5124
5126
5128
5130
5131
5132
5133
5136
5143
5145
5155
5170
5172
5173
5174
5182
5184
5185
5186
5189
5190
5198
5199
5201
5202
5209
5217
5225
5236
5239
5240
5242
5245
5246
5251
5258
5262
5266
5271
5273
5284
5287
5290
5295
5296
5297
5300
5304
5305
5309
5312
5313
5319
5320
5324
5333
5334
5341
5342
5343
5358
5360
5361
5363
5372
5373
5374
5380
5391
5393
5396
5397
5404
5405
5406
5408
5413
5416
5420
5426
5427
5430
5431
5437
5443
5449
5456
5458
5460
5463
5464
5468
5471
5481
5482
5487
5490
5491
5495
5504
5505
5507
5508
5510
5511
5513
5516
5526
5531
5532
5533
5545
5553
5556
5560
5566
5569
5575
5576
5578
5582
5584
5585
5593
5607
5608
5611
5618
5622
5623
5625
5626
5627
5634
5635
5637
5638
5639
5642
5644
5653
5655
5657
5658
5661
5665
5667
5673
5677
5680
5682
5683
5693
5696
5697
5699
5700
5701
5708
5709
5725
5727
5732
5733
5735
5746
5749
5750
5752
5774
5779
5781
5784
5785
5790
5793
5794
5804
5805
5810
5813
5824
5826
5835
5838
5844
5845
5846
5854
5868
5869
5873
5878
5879
5880
5886
5887
5888
5889
5909
5910
5918
5921
5926
5927
5932
5934
5936
5946
5948
5952
5954
5961
5967
5989
5991
5992
5994
5996
6000
6001
6005
6007
6008
6012
6017
6019
6021
6028
6029
6031
6034
6035
6045
6046
6047
6052
6054
6055
6057
6081
6088
6092
6103
6118
6124
6128
6130
6144
6146
6150
6153
6154
6155
6156
6157
6163
6165
6168
6169
6170
6175
6176
6177
6178
6179
6184
6185
6204
6207
6213
6219
6225
6229
6230
6234
6235
6237
6239
6250
6251
6252
6257
6265
6271
6277
6280
6282
6287
6292
6301
6303
6313
6314
6315
6316
6323
6324
6329
6332
6338
6355
6356
6357
6359
6360
6368
6376
6378
6379
6381
6382
6383
6385
6386
6394
6395
6396
6402
6405
6406
6419
6420
6432
6439
6457
6462
6465
6466
6467
6469
6483
6493
6495
6507
6511
6512
6525
6527
6533
6534
6542
6543
6547
6549
6550
6552
6553
6559
6563
6569
6571
6576
6579
6581
6585
6590
6598
6604
6606
6607
6608
6616
6620
6635
6642
6643
6647
6651
6652
6658
6680
6684
6685
6688
6700
6701
6705
6717
6722
6730
6740
6741
6753
6758
6761
6762
6763
6767
6771
6775
6777
6778
6787
6793
6796
6798
6800
6808
6811
6812
6815
6816
6817
6828
6837
6844
6847
6848
6853
6855
6857
6862
6863
6864
6867
6875
6879
6884
6890
6894
6898
6904
6905
6909
6915
6927
6929
6930
6933
6936
6941
6946
6953
6959
6961
6967
6969
6981
6993
6996
7002
7010
7011
7016
7032
7034
7038
7041
7042
7044
7045
7055
7057
7061
7062
7064
7073
7074
7077
7084
7087
7091
7093
7096
7097
7100
7111
7114
7126
7129
7136
7139
7144
7145
7150
7152
7156
7163
7181
7193
7194
7197
7200
7202
7203
7204
7210
7214
7217
7219
7220
7229
7242
7244
7252
7253
7258
7259
7260
7264
7271
7274
7275
7277
7281
7282
7293
7298
7299
7300
7301
7307
7328
7330
7334
7336
7344
7347
7350
7354
7355
7358
7359
7360
7361
7368
7369
7379
7382
7383
7386
7387
7390
7392
7397
7398
7401
7403
7406
7412
7413
7414
7415
7425
7432
7433
7435
7438
7444
7449
7450
7451
7457
7487
7491
7503
7517
7526
7530
7532
7533
7550
7555
7556
7563
7564
7577
7579
7584
7589
