(1, 9967)
(3, 2)
(7, 6)
(7, 6319)
(9, 348)
(12, 15129)
(15, 9765)
(23, 4462)
(28, 10766)
(30, 12776)
(35, 1082)
(37, 11591)
(42, 1367)
(42, 448)
(42, 5579)
(42, 9218)
(44, 14167)
(46, 14554)
(48, 2605)
(56, 13955)
(60, 14854)
(60, 6012)
(61, 11049)
(62, 13092)
(62, 4887)
(63, 11749)
(63, 6202)
(68, 10083)
(68, 7018)
(71, 4674)
(72, 10095)
(72, 4908)
(77, 1760)
(78, 14271)
(81, 11029)
(82, 3773)
(82, 8020)
(84, 14181)
(85, 10074)
(85, 12336)
(85, 451)
(86, 14756)
(89, 137)
(90, 8609)
(92, 11528)
(92, 11745)
(92, 1384)
(92, 2845)
(97, 175)
(100, 12230)
(100, 7920)
(101, 102)
(105, 106)
(115, 11645)
(116, 11752)
(117, 8031)
(120, 11234)
(128, 11867)
(128, 5670)
(134, 14881)
(135, 5876)
(144, 10423)
(144, 14575)
(144, 2795)
(150, 11959)
(151, 10403)
(156, 11750)
(156, 12103)
(162, 161)
(162, 12217)
(164, 11001)
(164, 202)
(164, 3019)
(164, 9569)
(169, 13310)
(176, 10409)
(200, 803)
(201, 6331)
(204, 14648)
(207, 14064)
(209, 13920)
(210, 10408)
(210, 2443)
(214, 5557)
(215, 6090)
(220, 14073)
(224, 11046)
(231, 15141)
(231, 364)
(232, 3484)
(234, 12975)
(235, 14537)
(235, 7489)
(239, 5088)
(240, 5459)
(241, 14068)
(242, 577)
(245, 15144)
(247, 15106)
(249, 248)
(249, 11492)
(249, 14998)
(253, 252)
(254, 13580)
(254, 2207)
(255, 529)
(260, 7474)
(262, 358)
(265, 10285)
(274, 13695)
(274, 728)
(274, 732)
(277, 372)
(279, 13545)
(283, 4043)
(284, 6570)
(285, 15015)
(285, 458)
(293, 8139)
(295, 1371)
(295, 9075)
(296, 644)
(299, 1273)
(303, 13576)
(305, 13103)
(307, 3868)
(307, 6490)
(308, 309)
(316, 9092)
(326, 5381)
(330, 10515)
(330, 1858)
(335, 5570)
(337, 10760)
(342, 1681)
(343, 3522)
(344, 12453)
(344, 4817)
(345, 12552)
(345, 9368)
(346, 870)
(349, 3054)
(350, 10642)
(354, 4779)
(359, 3897)
(361, 362)
(363, 9546)
(367, 366)
(370, 1643)
(382, 7934)
(383, 12344)
(383, 14161)
(385, 384)
(393, 10557)
(396, 2478)
(398, 5656)
(401, 400)
(401, 2074)
(404, 405)
(406, 407)
(413, 699)
(415, 11782)
(415, 14649)
(415, 7595)
(416, 2813)
(417, 11364)
(417, 3318)
(417, 3398)
(417, 3936)
(421, 6676)
(423, 1077)
(423, 12337)
(423, 5355)
(423, 9463)
(432, 433)
(435, 12950)
(435, 489)
(435, 8033)
(435, 9100)
(436, 2242)
(436, 9558)
(437, 12762)
(439, 14174)
(440, 12990)
(442, 497)
(444, 14560)
(446, 2272)
(452, 453)
(453, 452)
(459, 12252)
(459, 13188)
(464, 463)
(465, 12460)
(466, 2818)
(468, 5129)
(473, 472)
(474, 4668)
(478, 479)
(488, 1780)
(491, 2270)
(492, 493)
(492, 8011)
(495, 2485)
(503, 504)
(506, 4687)
(507, 1205)
(507, 5350)
(507, 6792)
(509, 11149)
(511, 11136)
(512, 10073)
(516, 12085)
(517, 8034)
(521, 1638)
(523, 1083)
(524, 13343)
(531, 14165)
(535, 10293)
(535, 2952)
(542, 12000)
(542, 12348)
(542, 14755)
(544, 543)
(547, 9721)
(553, 14434)
(563, 5250)
(563, 7774)
(564, 565)
(569, 4718)
(583, 14751)
(586, 4456)
(587, 14336)
(587, 2192)
(587, 588)
(589, 8380)
(590, 2694)
(592, 14156)
(598, 4787)
(599, 14666)
(600, 2095)
(606, 3200)
(612, 2480)
(613, 7692)
(614, 9107)
(622, 13565)
(622, 1936)
(622, 6878)
(631, 962)
(632, 12785)
(632, 5005)
(632, 7327)
(642, 8984)
(646, 3170)
(647, 1651)
(647, 2812)
(649, 12574)
(649, 9646)
(650, 8871)
(654, 5349)
(655, 3304)
(656, 14091)
(657, 11958)
(657, 6033)
(657, 6678)
(659, 12765)
(660, 13803)
(660, 4321)
(660, 7943)
(661, 13457)
(662, 663)
(667, 6978)
(670, 4745)
(680, 1123)
(687, 13271)
(688, 4080)
(690, 6486)
(690, 9719)
(693, 10908)
(695, 694)
(695, 15105)
(695, 2702)
(696, 12223)
(696, 2539)
(696, 697)
(698, 5362)
(702, 703)
(704, 4673)
(707, 14087)
(709, 2073)
(709, 2944)
(709, 6716)
(712, 7454)
(713, 6193)
(724, 10905)
(724, 11117)
(726, 727)
(726, 825)
(726, 986)
(729, 730)
(730, 729)
(736, 13845)
(746, 1287)
(751, 1996)
(751, 4475)
(753, 12671)
(756, 755)
(757, 3201)
(761, 2734)
(763, 10593)
(763, 10963)
(763, 764)
(775, 5691)
(775, 8533)
(784, 13106)
(789, 1703)
(794, 7017)
(797, 3648)
(800, 2695)
(804, 9485)
(806, 1949)
(806, 3277)
(809, 864)
(810, 4957)
(815, 11111)
(815, 13341)
(815, 4967)
(827, 14861)
(828, 1680)
(835, 1785)
(835, 7656)
(844, 14492)
(844, 9038)
(848, 849)
(851, 13388)
(854, 14604)
(857, 3998)
(857, 6756)
(858, 12727)
(858, 4748)
(859, 860)
(860, 859)
(863, 4814)
(866, 6240)
(866, 886)
(867, 868)
(871, 14781)
(872, 2168)
(879, 2606)
(881, 3865)
(885, 6581)
(890, 6212)
(890, 9738)
(891, 892)
(892, 891)
(899, 900)
(901, 9766)
(902, 5141)
(904, 905)
(905, 904)
(907, 2323)
(907, 992)
(909, 910)
(910, 909)
(913, 914)
(914, 913)
(915, 12151)
(915, 14226)
(918, 919)
(919, 918)
(920, 2340)
(920, 921)
(923, 1009)
(929, 928)
(936, 11521)
(937, 9726)
(940, 1201)
(941, 9074)
(945, 13335)
(945, 3302)
(948, 4308)
(952, 951)
(954, 7650)
(956, 955)
(956, 1360)
(959, 10200)
(960, 961)
(961, 960)
(964, 965)
(965, 964)
(967, 12368)
(971, 14845)
(972, 14056)
(972, 1745)
(974, 973)
(978, 1532)
(985, 984)
(985, 4682)
(988, 14055)
(989, 8402)
(990, 14066)
(990, 7452)
(995, 12138)
(997, 6062)
(997, 6254)
(1001, 1000)
(1010, 4399)
(1010, 4521)
(1014, 3012)
(1015, 1016)
(1016, 1015)
(1017, 4895)
(1017, 7338)
(1020, 1021)
(1031, 6023)
(1033, 1056)
(1033, 1068)
(1033, 3165)
(1037, 13678)
(1038, 3410)
(1039, 14760)
(1043, 9655)
(1044, 5568)
(1050, 4269)
(1054, 5369)
(1054, 5696)
(1067, 1066)
(1067, 3182)
(1069, 1070)
(1073, 12076)
(1073, 8125)
(1074, 11026)
(1075, 1076)
(1076, 1075)
(1078, 1079)
(1078, 14062)
(1078, 3385)
(1094, 6431)
(1099, 5082)
(1105, 1104)
(1106, 1107)
(1107, 1106)
(1110, 1111)
(1112, 1113)
(1113, 1112)
(1117, 3355)
(1117, 9901)
(1120, 1119)
(1120, 7824)
(1121, 13381)
(1121, 7393)
(1127, 1126)
(1128, 1129)
(1129, 1128)
(1130, 1131)
(1131, 1130)
(1133, 1132)
(1134, 1135)
(1138, 12045)
(1139, 1140)
(1140, 1139)
(1148, 1149)
(1152, 1151)
(1152, 11356)
(1152, 13337)
(1156, 11609)
(1159, 4959)
(1160, 9374)
(1162, 5352)
(1169, 1170)
(1169, 3879)
(1174, 6140)
(1180, 1181)
(1181, 1180)
(1182, 1183)
(1184, 1185)
(1184, 1459)
(1186, 1187)
(1188, 14993)
(1188, 1884)
(1188, 6082)
(1189, 7937)
(1191, 6703)
(1198, 4695)
(1198, 7944)
(1199, 1200)
(1202, 5784)
(1206, 12216)
(1210, 1251)
(1210, 4312)
(1212, 8030)
(1215, 1214)
(1216, 1217)
(1217, 1216)
(1223, 13091)
(1229, 3574)
(1232, 12389)
(1234, 1235)
(1240, 1239)
(1240, 8693)
(1241, 10141)
(1256, 1255)
(1260, 1259)
(1264, 6983)
(1267, 5469)
(1267, 9973)
(1275, 1276)
(1275, 2806)
(1277, 8409)
(1277, 9570)
(1279, 1280)
(1280, 1279)
(1282, 1281)
(1282, 11123)
(1282, 11247)
(1282, 4166)
(1283, 1284)
(1286, 4187)
(1286, 9106)
(1291, 3076)
(1299, 10526)
(1314, 1315)
(1320, 1319)
(1320, 12021)
(1320, 12022)
(1320, 5504)
(1321, 1322)
(1322, 1321)
(1324, 1323)
(1326, 1325)
(1326, 2664)
(1327, 6384)
(1328, 10233)
(1329, 1330)
(1332, 2236)
(1333, 1334)
(1340, 1341)
(1350, 1349)
(1351, 5311)
(1354, 10066)
(1357, 1356)
(1361, 10415)
(1361, 12006)
(1361, 6236)
(1361, 8405)
(1362, 13703)
(1364, 1365)
(1365, 1364)
(1370, 2093)
(1372, 2213)
(1380, 1381)
(1383, 1382)
(1383, 13701)
(1390, 11355)
(1390, 14646)
(1391, 14546)
(1391, 14660)
(1391, 6299)
(1392, 7210)
(1399, 8770)
(1402, 6480)
(1404, 10920)
(1405, 4304)
(1408, 3807)
(1410, 14357)
(1413, 9900)
(1414, 12144)
(1415, 1416)
(1416, 1415)
(1417, 7535)
(1420, 1419)
(1427, 3591)
(1429, 13391)
(1429, 14127)
(1429, 1430)
(1429, 8094)
(1439, 1440)
(1440, 1439)
(1450, 1451)
(1452, 12462)
(1452, 12463)
(1458, 1457)
(1458, 1935)
(1460, 1461)
(1460, 1669)
(1460, 2260)
(1462, 2306)
(1467, 1468)
(1469, 2499)
(1473, 8998)
(1478, 1479)
(1484, 2160)
(1486, 1487)
(1491, 5112)
(1498, 12561)
(1501, 1502)
(1505, 2466)
(1506, 4364)
(1507, 1508)
(1511, 10349)
(1513, 1512)
(1514, 13082)
(1514, 5566)
(1515, 5237)
(1516, 5392)
(1517, 14754)
(1523, 11124)
(1523, 15148)
(1524, 3930)
(1526, 1527)
(1529, 13805)
(1537, 1538)
(1542, 2816)
(1542, 2842)
(1542, 3406)
(1556, 13717)
(1559, 1560)
(1560, 1559)
(1570, 10297)
(1570, 1571)
(1575, 8375)
(1579, 1580)
(1581, 1582)
(1582, 1581)
(1584, 3058)
(1593, 3766)
(1594, 1595)
(1599, 13320)
(1600, 5110)
(1605, 1604)
(1605, 13740)
(1605, 9248)
(1619, 2784)
(1620, 5032)
(1629, 1630)
(1633, 6986)
(1634, 9338)
(1635, 14441)
(1635, 1636)
(1635, 8151)
(1635, 8870)
(1637, 10080)
(1639, 8843)
(1644, 5660)
(1648, 6016)
(1656, 13699)
(1656, 1836)
(1657, 5915)
(1658, 4192)
(1658, 9484)
(1660, 3146)
(1661, 10324)
(1661, 14290)
(1665, 6689)
(1667, 1668)
(1673, 1674)
(1676, 15125)
(1678, 1679)
(1679, 1678)
(1688, 1687)
(1688, 11890)
(1688, 9491)
(1689, 10419)
(1690, 4442)
(1692, 14876)
(1694, 1693)
(1695, 1696)
(1698, 1721)
(1699, 14999)
(1700, 3733)
(1704, 1705)
(1705, 1704)
(1706, 8074)
(1710, 6943)
(1713, 1712)
(1716, 1717)
(1724, 6900)
(1727, 10305)
(1736, 12077)
(1739, 4049)
(1751, 14274)
(1751, 1752)
(1754, 11231)
(1755, 11989)
(1755, 6553)
(1757, 2823)
(1758, 14557)
(1761, 1762)
(1762, 1761)
(1764, 1763)
(1765, 13098)
(1781, 12677)
(1783, 6296)
(1784, 11785)
(1784, 13199)
(1789, 1790)
(1790, 1789)
(1794, 5475)
(1803, 2880)
(1803, 4077)
(1805, 1806)
(1808, 1807)
(1810, 5947)
(1812, 1813)
(1822, 1823)
(1823, 1822)
(1824, 6418)
(1827, 1923)
(1834, 1835)
(1835, 1834)
(1837, 13543)
(1838, 1839)
(1848, 1847)
(1848, 3287)
(1850, 1849)
(1852, 12672)
(1854, 12693)
(1857, 10929)
(1857, 14412)
(1861, 1862)
(1862, 1861)
(1863, 3776)
(1870, 13564)
(1872, 1873)
(1873, 1872)
(1879, 13420)
(1894, 11587)
(1895, 1896)
(1901, 3578)
(1902, 1903)
(1904, 14117)
(1906, 1905)
(1907, 1908)
(1908, 1907)
(1911, 8197)
(1924, 1925)
(1934, 3796)
(1934, 7570)
(1937, 1938)
(1937, 1939)
(1944, 10641)
(1944, 8637)
(1946, 11153)
(1947, 4899)
(1952, 12355)
(1953, 6666)
(1954, 14314)
(1955, 11960)
(1957, 13093)
(1965, 1964)
(1965, 10532)
(1966, 10924)
(1967, 2798)
(1969, 13116)
(1981, 2169)
(1983, 1986)
(1984, 1985)
(1987, 10919)
(1987, 12427)
(1997, 3517)
(1999, 2514)
(2002, 3394)
(2002, 3395)
(2005, 14196)
(2008, 7599)
(2011, 13443)
(2015, 2014)
(2015, 10928)
(2015, 14633)
(2017, 2016)
(2017, 7222)
(2020, 2021)
(2028, 3785)
(2031, 2032)
(2032, 2031)
(2033, 4202)
(2033, 5718)
(2035, 7806)
(2040, 2884)
(2040, 3702)
(2040, 7394)
(2040, 9390)
(2044, 12610)
(2044, 6941)
(2047, 2048)
(2047, 7611)
(2056, 4747)
(2061, 5337)
(2061, 8981)
(2066, 2217)
(2067, 7447)
(2077, 5582)
(2086, 12123)
(2087, 14298)
(2091, 4993)
(2097, 2098)
(2099, 3055)
(2100, 14652)
(2100, 15121)
(2100, 2358)
(2103, 2104)
(2107, 2108)
(2108, 2107)
(2115, 2116)
(2119, 2120)
(2121, 4894)
(2121, 7096)
(2123, 3267)
(2123, 3665)
(2127, 2128)
(2127, 6114)
(2127, 9972)
(2134, 2135)
(2135, 2134)
(2137, 12486)
(2137, 2138)
(2137, 2576)
(2139, 2140)
(2141, 15046)
(2148, 2470)
(2150, 2151)
(2154, 2155)
(2159, 2158)
(2161, 15143)
(2162, 5205)
(2163, 6574)
(2170, 11769)
(2170, 8866)
(2180, 2181)
(2181, 2180)
(2182, 12579)
(2186, 3162)
(2193, 14188)
(2193, 15102)
(2200, 2201)
(2201, 2200)
(2210, 8616)
(2215, 14089)
(2218, 6911)
(2220, 2219)
(2225, 3225)
(2230, 6930)
(2247, 13198)
(2252, 11970)
(2256, 2257)
(2262, 2261)
(2266, 4671)
(2273, 11511)
(2275, 6582)
(2288, 2287)
(2288, 5865)
(2298, 14187)
(2299, 13073)
(2299, 4587)
(2303, 2304)
(2304, 2303)
(2307, 2308)
(2308, 2307)
(2312, 3034)
(2314, 2313)
(2314, 10776)
(2314, 6656)
(2320, 2319)
(2324, 7260)
(2331, 8443)
(2333, 14481)
(2335, 2336)
(2335, 7705)
(2347, 13397)
(2350, 14004)
(2356, 2355)
(2361, 4037)
(2367, 10998)
(2371, 6441)
(2374, 2373)
(2374, 8406)
(2378, 2379)
(2378, 6027)
(2381, 2380)
(2381, 5549)
(2381, 8643)
(2384, 13840)
(2389, 11603)
(2389, 7335)
(2390, 8622)
(2391, 2392)
(2392, 2391)
(2394, 2395)
(2394, 3542)
(2396, 2397)
(2399, 7683)
(2405, 2406)
(2407, 8161)
(2413, 5803)
(2414, 5880)
(2417, 2418)
(2419, 7020)
(2421, 2422)
(2424, 3262)
(2427, 2428)
(2428, 2427)
(2430, 3155)
(2431, 2432)
(2445, 2444)
(2446, 2447)
(2447, 2446)
(2455, 2454)
(2455, 5708)
(2455, 9023)
(2458, 2563)
(2459, 10682)
(2459, 2467)
(2459, 7530)
(2460, 6942)
(2462, 3117)
(2462, 7401)
(2464, 2465)
(2465, 2464)
(2469, 2468)
(2475, 9792)
(2476, 2477)
(2477, 2476)
(2479, 15116)
(2479, 4977)
(2481, 2482)
(2482, 2481)
(2484, 3545)
(2494, 2794)
(2501, 14065)
(2517, 2516)
(2519, 11964)
(2519, 2520)
(2519, 4903)
(2519, 6554)
(2527, 8289)
(2534, 2535)
(2535, 2534)
(2541, 13334)
(2541, 2542)
(2545, 14084)
(2546, 2547)
(2547, 2546)
(2551, 9552)
(2553, 4721)
(2558, 6502)
(2559, 2560)
(2560, 2559)
(2565, 13744)
(2574, 2575)
(2575, 2574)
(2579, 2578)
(2579, 12501)
(2580, 7625)
(2581, 2582)
(2581, 4088)
(2583, 2584)
(2583, 8932)
(2591, 9077)
(2592, 2593)
(2593, 2592)
(2594, 2595)
(2595, 2594)
(2596, 14159)
(2603, 14323)
(2608, 3168)
(2626, 7933)
(2628, 2627)
(2633, 2632)
(2639, 4884)
(2639, 5336)
(2641, 3734)
(2644, 14858)
(2649, 2650)
(2651, 2652)
(2652, 2651)
(2669, 2670)
(2670, 2669)
(2671, 2672)
(2672, 2671)
(2678, 12884)
(2679, 9905)
(2685, 2686)
(2686, 2685)
(2687, 2688)
(2688, 2687)
(2697, 5913)
(2697, 8504)
(2697, 8888)
(2700, 2701)
(2701, 2700)
(2706, 12108)
(2706, 13086)
(2706, 8993)
(2713, 5900)
(2714, 2715)
(2714, 3383)
(2729, 9361)
(2731, 14567)
(2733, 14971)
(2736, 2735)
(2741, 2936)
(2741, 6806)
(2742, 13804)
(2745, 13338)
(2746, 4710)
(2748, 12244)
(2748, 7353)
(2755, 2754)
(2761, 2762)
(2764, 10700)
(2772, 12394)
(2772, 6075)
(2774, 3599)
(2774, 4626)
(2775, 2776)
(2776, 2775)
(2779, 2778)
(2783, 13394)
(2788, 2789)
(2789, 2788)
(2791, 9452)
(2796, 10563)
(2796, 2797)
(2796, 3662)
(2796, 4044)
(2799, 3053)
(2800, 4574)
(2801, 5059)
(2801, 6231)
(2804, 4132)
(2808, 2809)
(2810, 2811)
(2810, 8853)
(2815, 2814)
(2817, 2855)
(2821, 2822)
(2826, 2827)
(2829, 10635)
(2832, 2951)
(2834, 2835)
(2836, 2837)
(2841, 13344)
(2848, 2847)
(2849, 10398)
(2849, 2850)
(2852, 13831)
(2860, 15104)
(2862, 2863)
(2863, 2862)
(2864, 2865)
(2865, 2864)
(2869, 2870)
(2870, 2869)
(2883, 11183)
(2889, 2890)
(2890, 2889)
(2892, 2891)
(2897, 2896)
(2901, 2900)
(2902, 2903)
(2903, 2902)
(2907, 4846)
(2909, 10493)
(2915, 8939)
(2916, 13506)
(2916, 6403)
(2917, 2918)
(2918, 2917)
(2928, 11370)
(2928, 12793)
(2930, 2931)
(2931, 2930)
(2943, 2942)
(2947, 2948)
(2948, 2947)
(2949, 6782)
(2953, 2954)
(2962, 13105)
(2962, 2963)
(2964, 2965)
(2967, 4567)
(2971, 12582)
(2989, 5818)
(2992, 12604)
(2993, 2994)
(2994, 2993)
(2997, 11812)
(2997, 5423)
(3002, 14370)
(3008, 13507)
(3010, 7629)
(3013, 3014)
(3014, 3013)
(3018, 8644)
(3020, 3021)
(3021, 3020)
(3031, 3032)
(3032, 3031)
(3033, 5257)
(3042, 13914)
(3046, 3045)
(3046, 3887)
(3048, 3049)
(3049, 3048)
(3050, 12948)
(3050, 3051)
(3052, 10292)
(3052, 4772)
(3052, 5573)
(3052, 7572)
(3070, 3069)
(3070, 11899)
(3073, 7329)
(3074, 3075)
(3083, 3084)
(3084, 3083)
(3090, 3091)
(3090, 5935)
(3092, 6146)
(3095, 4211)
(3100, 11902)
(3100, 8304)
(3102, 3101)
(3105, 4497)
(3107, 15187)
(3107, 3110)
(3108, 7043)
(3118, 3119)
(3118, 5610)
(3122, 15061)
(3145, 3144)
(3145, 7483)
(3157, 3159)
(3164, 14430)
(3166, 3167)
(3167, 3166)
(3171, 3172)
(3172, 3171)
(3173, 12766)
(3174, 14329)
(3186, 4656)
(3190, 3189)
(3190, 3290)
(3191, 13812)
(3198, 12567)
(3205, 3206)
(3206, 3205)
(3210, 6317)
(3211, 13442)
(3215, 14413)
(3217, 6144)
(3218, 3219)
(3219, 3218)
(3227, 3226)
(3231, 3232)
(3234, 3233)
(3234, 8081)
(3239, 12166)
(3240, 6849)
(3243, 11071)
(3247, 7357)
(3248, 3747)
(3249, 12253)
(3251, 3252)
(3252, 3251)
(3253, 6488)
(3254, 12976)
(3254, 14555)
(3254, 5914)
(3256, 11495)
(3257, 6326)
(3258, 3944)
(3266, 3557)
(3268, 8270)
(3284, 3285)
(3285, 3284)
(3289, 3288)
(3291, 3301)
(3299, 3300)
(3305, 5783)
(3305, 6700)
(3306, 3307)
(3316, 3317)
(3317, 3316)
(3322, 14577)
(3328, 3327)
(3328, 4839)
(3331, 14912)
(3341, 3342)
(3342, 3341)
(3343, 8661)
(3344, 13029)
(3349, 3348)
(3349, 6607)
(3353, 8919)
(3371, 3372)
(3372, 3371)
(3376, 8448)
(3381, 9453)
(3390, 11222)
(3391, 14063)
(3391, 14197)
(3397, 8849)
(3403, 6336)
(3417, 11392)
(3425, 14272)
(3425, 4248)
(3428, 15150)
(3431, 11991)
(3434, 3435)
(3435, 3434)
(3443, 3444)
(3444, 3443)
(3446, 3445)
(3448, 9885)
(3453, 3452)
(3453, 3454)
(3456, 3457)
(3457, 3456)
(3458, 3459)
(3458, 5513)
(3461, 3460)
(3461, 15174)
(3464, 3465)
(3465, 3464)
(3466, 3467)
(3467, 3466)
(3472, 3473)
(3473, 3472)
(3476, 3477)
(3477, 3476)
(3478, 10777)
(3491, 5377)
(3493, 3955)
(3493, 6548)
(3500, 14427)
(3509, 3510)
(3514, 3515)
(3515, 3514)
(3519, 3529)
(3526, 3525)
(3526, 8288)
(3531, 14843)
(3536, 3537)
(3537, 3536)
(3540, 6433)
(3547, 3546)
(3548, 7198)
(3552, 13915)
(3566, 3565)
(3566, 4478)
(3566, 6503)
(3569, 3570)
(3570, 3569)
(3573, 8325)
(3576, 6506)
(3582, 3583)
(3592, 3593)
(3593, 3592)
(3601, 3602)
(3602, 3601)
(3614, 4050)
(3616, 3617)
(3617, 3616)
(3622, 3623)
(3623, 3622)
(3635, 3636)
(3636, 3635)
(3640, 7648)
(3641, 13217)
(3644, 10659)
(3644, 3645)
(3644, 5234)
(3644, 5238)
(3647, 11256)
(3651, 5338)
(3658, 3657)
(3663, 13921)
(3663, 14640)
(3664, 6337)
(3667, 3666)
(3668, 3669)
(3669, 3668)
(3672, 3757)
(3684, 12992)
(3684, 13317)
(3684, 14574)
(3684, 8029)
(3688, 3687)
(3688, 4828)
(3691, 3692)
(3691, 3961)
(3698, 3699)
(3699, 3698)
(3703, 13136)
(3705, 3706)
(3706, 3705)
(3707, 10013)
(3707, 9904)
(3710, 3711)
(3711, 3710)
(3717, 3718)
(3718, 3717)
(3723, 3722)
(3726, 3727)
(3727, 3726)
(3728, 3729)
(3728, 4013)
(3728, 4120)
(3731, 3732)
(3736, 3737)
(3739, 3740)
(3740, 3739)
(3744, 3745)
(3764, 5902)
(3770, 3769)
(3771, 3772)
(3772, 3771)
(3779, 11992)
(3781, 7362)
(3786, 8275)
(3789, 9858)
(3791, 3790)
(3795, 13429)
(3806, 3805)
(3806, 8305)
(3814, 4736)
(3814, 7505)
(3814, 9389)
(3822, 3823)
(3823, 3822)
(3824, 3825)
(3825, 3824)
(3826, 10228)
(3826, 15049)
(3827, 3828)
(3827, 5614)
(3831, 3832)
(3832, 3831)
(3840, 3839)
(3848, 3849)
(3850, 3851)
(3850, 4628)
(3852, 10492)
(3852, 8226)
(3860, 4939)
(3880, 3881)
(3880, 3882)
(3885, 3886)
(3886, 3885)
(3894, 5218)
(3907, 10654)
(3913, 14673)
(3914, 10930)
(3914, 11130)
(3914, 13689)
(3914, 4449)
(3916, 3917)
(3917, 3916)
(3918, 3919)
(3919, 3918)
(3924, 3923)
(3925, 3926)
(3926, 3925)
(3927, 11638)
(3927, 6327)
(3937, 4577)
(3943, 13954)
(3947, 3946)
(3947, 14853)
(3952, 10550)
(3978, 11548)
(3978, 3979)
(3984, 10696)
(3986, 5834)
(3989, 3990)
(3992, 3991)
(3993, 3994)
(3994, 3993)
(3995, 3996)
(3996, 3995)
(4002, 4001)
(4002, 12613)
(4005, 4006)
(4006, 4005)
(4008, 4007)
(4010, 4009)
(4011, 4012)
(4012, 4011)
(4016, 4015)
(4021, 4022)
(4022, 4021)
(4023, 4024)
(4027, 8773)
(4035, 4042)
(4051, 7205)
(4059, 12996)
(4070, 4071)
(4072, 4073)
(4072, 5410)
(4075, 4074)
(4078, 4079)
(4079, 4078)
(4081, 4082)
(4082, 4081)
(4089, 13625)
(4089, 4091)
(4092, 4093)
(4092, 8091)
(4097, 4098)
(4098, 4097)
(4103, 4102)
(4104, 4105)
(4105, 4104)
(4109, 4110)
(4111, 4112)
(4112, 4111)
(4117, 10504)
(4118, 4119)
(4119, 4118)
(4129, 6103)
(4131, 4130)
(4133, 7014)
(4136, 4137)
(4138, 4139)
(4139, 4138)
(4152, 11655)
(4161, 10554)
(4161, 14669)
(4161, 4162)
(4167, 10645)
(4189, 11260)
(4190, 4191)
(4191, 4190)
(4193, 7371)
(4196, 4197)
(4197, 4196)
(4199, 4198)
(4199, 15030)
(4199, 7386)
(4200, 4201)
(4208, 8180)
(4215, 4216)
(4216, 4215)
(4221, 4220)
(4221, 6747)
(4222, 12889)
(4222, 5631)
(4225, 4226)
(4226, 4225)
(4228, 4227)
(4228, 11836)
(4240, 4241)
(4241, 4240)
(4244, 4769)
(4250, 11653)
(4254, 4253)
(4266, 4441)
(4266, 4917)
(4266, 9094)
(4270, 4271)
(4271, 4270)
(4279, 5249)
(4286, 6084)
(4290, 4289)
(4296, 4295)
(4296, 6781)
(4297, 4298)
(4298, 4297)
(4299, 7678)
(4310, 10068)
(4323, 4324)
(4325, 4326)
(4326, 4325)
(4331, 11509)
(4331, 7478)
(4339, 4340)
(4340, 4339)
(4358, 8549)
(4366, 4365)
(4369, 4368)
(4369, 11280)
(4377, 14489)
(4378, 11281)
(4378, 12709)
(4380, 4379)
(4380, 10693)
(4380, 12608)
(4389, 4390)
(4390, 4389)
(4394, 13047)
(4396, 4395)
(4396, 7157)
(4398, 14496)
(4400, 4401)
(4401, 4400)
(4408, 5974)
(4411, 8486)
(4432, 13345)
(4432, 13354)
(4432, 13421)
(4446, 4445)
(4446, 13221)
(4446, 9976)
(4458, 14969)
(4459, 4460)
(4467, 13340)
(4467, 9078)
(4474, 10656)
(4479, 4480)
(4480, 4479)
(4488, 8797)
(4493, 7271)
(4495, 11174)
(4499, 10348)
(4499, 9507)
(4500, 4501)
(4504, 4505)
(4505, 4504)
(4518, 13050)
(4518, 13276)
(4523, 13045)
(4531, 4532)
(4532, 4531)
(4533, 4534)
(4534, 4533)
(4535, 4536)
(4536, 4535)
(4541, 4542)
(4541, 4720)
(4552, 4553)
(4560, 9102)
(4565, 12817)
(4579, 12221)
(4580, 4581)
(4583, 4584)
(4584, 4583)
(4591, 10815)
(4593, 4594)
(4594, 4593)
(4597, 4598)
(4598, 4597)
(4609, 6612)
(4609, 7529)
(4612, 4740)
(4612, 7706)
(4614, 7392)
(4619, 5303)
(4621, 4622)
(4622, 4621)
(4627, 14373)
(4632, 4631)
(4633, 4634)
(4634, 4633)
(4643, 4642)
(4644, 4645)
(4646, 4647)
(4649, 10992)
(4649, 11949)
(4651, 4652)
(4652, 4651)
(4659, 4660)
(4660, 4659)
(4665, 5777)
(4672, 9232)
(4693, 12237)
(4693, 14568)
(4704, 13935)
(4708, 12428)
(4708, 4709)
(4708, 7482)
(4715, 10558)
(4723, 4722)
(4724, 5409)
(4728, 4729)
(4729, 4728)
(4731, 4730)
(4731, 10333)
(4737, 4738)
(4738, 4737)
(4749, 13508)
(4752, 7171)
(4757, 4756)
(4757, 4868)
(4758, 4759)
(4770, 4771)
(4771, 4770)
(4773, 8040)
(4793, 4794)
(4796, 4795)
(4796, 5062)
(4799, 11362)
(4799, 11377)
(4799, 11741)
(4799, 4905)
(4816, 4815)
(4835, 4836)
(4840, 13490)
(4840, 13745)
(4847, 4848)
(4849, 4850)
(4850, 4849)
(4854, 10716)
(4854, 14013)
(4859, 5531)
(4866, 4867)
(4866, 6283)
(4870, 6874)
(4889, 8122)
(4891, 4892)
(4902, 13319)
(4906, 14763)
(4915, 4914)
(4919, 4918)
(4919, 10391)
(4919, 12683)
(4919, 14429)
(4926, 4927)
(4926, 4928)
(4931, 9260)
(4933, 4934)
(4936, 4935)
(4936, 6156)
(4937, 4938)
(4938, 4937)
(4940, 4941)
(4941, 4940)
(4946, 4947)
(4947, 4946)
(4962, 4961)
(4963, 4964)
(4964, 4963)
(4965, 4966)
(4973, 12099)
(4973, 12437)
(4973, 8732)
(4989, 9556)
(5014, 5015)
(5015, 5014)
(5020, 7033)
(5022, 14598)
(5022, 5023)
(5022, 7270)
(5024, 5025)
(5025, 5024)
(5027, 5026)
(5029, 5030)
(5030, 5029)
(5031, 13278)
(5036, 5037)
(5037, 5036)
(5042, 5043)
(5043, 5042)
(5044, 5045)
(5045, 5044)
(5046, 5047)
(5047, 5046)
(5054, 10754)
(5054, 5055)
(5054, 9961)
(5063, 5064)
(5071, 10300)
(5073, 7654)
(5080, 6228)
(5081, 6791)
(5083, 5084)
(5084, 5083)
(5089, 5090)
(5089, 7653)
(5094, 7468)
(5097, 5096)
(5097, 6354)
(5098, 13822)
(5101, 5102)
(5103, 5104)
(5104, 5103)
(5107, 7012)
(5108, 5109)
(5108, 5348)
(5115, 10287)
(5115, 5116)
(5123, 5122)
(5130, 5131)
(5131, 5130)
(5134, 5135)
(5138, 5139)
(5139, 5138)
(5146, 8433)
(5150, 8788)
(5170, 5171)
(5176, 5175)
(5176, 10248)
(5176, 10962)
(5176, 9515)
(5179, 5180)
(5180, 5179)
(5184, 5185)
(5185, 5184)
(5192, 15094)
(5193, 5194)
(5194, 5193)
(5198, 5199)
(5199, 5198)
(5209, 5210)
(5211, 9478)
(5211, 9479)
(5212, 7767)
(5227, 5228)
(5228, 5227)
(5233, 5232)
(5241, 15124)
(5242, 14071)
(5256, 5255)
(5263, 5262)
(5263, 5420)
(5266, 5272)
(5277, 5278)
(5278, 5277)
(5279, 5280)
(5280, 5279)
(5290, 5289)
(5290, 10121)
(5290, 9399)
(5292, 5291)
(5301, 5302)
(5302, 5301)
(5304, 5305)
(5305, 5304)
(5324, 5323)
(5328, 5329)
(5329, 5328)
(5330, 5331)
(5331, 5330)
(5335, 13948)
(5335, 14447)
(5335, 14859)
(5340, 5339)
(5341, 12334)
(5341, 6489)
(5363, 12231)
(5373, 5374)
(5374, 5373)
(5383, 6453)
(5402, 5498)
(5406, 5407)
(5419, 6155)
(5419, 8427)
(5421, 5596)
(5425, 5424)
(5426, 5427)
(5427, 5426)
(5428, 5429)
(5431, 5430)
(5431, 6755)
(5431, 7847)
(5438, 5439)
(5439, 5438)
(5440, 5441)
(5443, 5442)
(5443, 5976)
(5444, 5445)
(5445, 5444)
(5449, 9628)
(5451, 5452)
(5452, 5451)
(5460, 14057)
(5482, 8160)
(5483, 6884)
(5484, 14442)
(5487, 12687)
(5490, 5491)
(5491, 5490)
(5492, 5493)
(5493, 5492)
(5496, 5497)
(5496, 9878)
(5507, 5508)
(5508, 5507)
(5516, 5515)
(5518, 5517)
(5521, 5520)
(5521, 11920)
(5532, 5640)
(5533, 6774)
(5534, 5535)
(5535, 5534)
(5536, 5537)
(5537, 5536)
(5541, 10628)
(5546, 11155)
(5546, 5547)
(5550, 14856)
(5550, 15101)
(5550, 5551)
(5555, 11137)
(5558, 5559)
(5559, 5558)
(5561, 6332)
(5562, 8997)
(5564, 13355)
(5575, 5576)
(5576, 5575)
(5588, 5587)
(5591, 5590)
(5591, 10116)
(5597, 14474)
(5597, 5598)
(5600, 8918)
(5604, 5605)
(5605, 5604)
(5606, 10452)
(5606, 11283)
(5607, 10576)
(5607, 15182)
(5607, 6742)
(5607, 6743)
(5607, 8800)
(5613, 8912)
(5616, 5617)
(5617, 5616)
(5620, 5621)
(5621, 5620)
(5623, 7867)
(5625, 5626)
(5626, 5625)
(5628, 14609)
(5633, 10039)
(5647, 5648)
(5648, 5647)
(5649, 5650)
(5650, 5649)
(5655, 5654)
(5655, 8858)
(5658, 5659)
(5677, 5676)
(5677, 6015)
(5679, 5678)
(5681, 9849)
(5685, 5686)
(5686, 5685)
(5697, 5698)
(5699, 14862)
(5702, 7768)
(5705, 7701)
(5706, 5707)
(5707, 5706)
(5712, 11801)
(5712, 11802)
(5730, 10350)
(5730, 8673)
(5731, 11288)
(5731, 15170)
(5734, 5733)
(5734, 7156)
(5735, 11673)
(5738, 5739)
(5739, 5738)
(5751, 5757)
(5764, 8596)
(5768, 8976)
(5769, 5980)
(5773, 6465)
(5774, 5775)
(5786, 5787)
(5787, 5786)
(5795, 12109)
(5795, 14279)
(5801, 12779)
(5810, 5811)
(5814, 5815)
(5815, 5814)
(5816, 5817)
(5817, 5816)
(5819, 5820)
(5820, 5819)
(5832, 10022)
(5832, 5833)
(5841, 5842)
(5842, 5841)
(5848, 5849)
(5849, 5848)
(5854, 14010)
(5855, 12526)
(5856, 5857)
(5857, 5856)
(5864, 8117)
(5873, 5872)
(5874, 5875)
(5875, 5874)
(5886, 5887)
(5887, 5886)
(5888, 5889)
(5889, 5888)
(5890, 5891)
(5891, 5890)
(5899, 5898)
(5899, 7440)
(5904, 13438)
(5904, 9644)
(5909, 5908)
(5920, 5919)
(5922, 11641)
(5922, 5923)
(5930, 5931)
(5931, 5930)
(5936, 6497)
(5936, 9118)
(5943, 5944)
(5944, 5943)
(5963, 14499)
(5965, 7551)
(5969, 5968)
(5973, 5972)
(5973, 11687)
(5995, 13193)
(5996, 8758)
(6002, 11109)
(6008, 10397)
(6028, 14170)
(6034, 6672)
(6034, 8273)
(6036, 6037)
(6037, 6036)
(6038, 6039)
(6039, 6038)
(6047, 8068)
(6057, 10671)
(6057, 6058)
(6057, 6145)
(6057, 7606)
(6060, 6061)
(6061, 6060)
(6068, 10464)
(6070, 15216)
(6072, 8337)
(6074, 12395)
(6076, 6077)
(6077, 6076)
(6093, 12107)
(6093, 6094)
(6097, 7016)
(6098, 6099)
(6109, 6110)
(6110, 6109)
(6112, 6111)
(6121, 9233)
(6160, 6161)
(6160, 7614)
(6162, 11682)
(6174, 10717)
(6176, 6177)
(6177, 6176)
(6180, 10591)
(6186, 6968)
(6200, 6199)
(6200, 7484)
(6208, 6207)
(6221, 12680)
(6223, 6224)
(6224, 6223)
(6225, 13832)
(6244, 14180)
(6244, 9717)
(6245, 6246)
(6246, 6245)
(6250, 6249)
(6252, 6251)
(6252, 11810)
(6255, 6256)
(6256, 6255)
(6259, 6258)
(6263, 6264)
(6264, 6263)
(6271, 10139)
(6274, 13632)
(6276, 6277)
(6294, 6295)
(6295, 6294)
(6305, 15145)
(6307, 14852)
(6309, 6308)
(6314, 6315)
(6315, 6314)
(6320, 6321)
(6321, 6320)
(6323, 6324)
(6324, 6323)
(6334, 10935)
(6339, 11779)
(6344, 6345)
(6359, 6360)
(6364, 11389)
(6370, 13590)
(6378, 6379)
(6379, 6378)
(6385, 6386)
(6386, 6385)
(6388, 6389)
(6389, 6388)
(6391, 9285)
(6393, 6392)
(6398, 6399)
(6399, 6398)
(6413, 14239)
(6421, 6422)
(6422, 6421)
(6423, 6424)
(6424, 6423)
(6425, 6426)
(6426, 6425)
(6427, 6428)
(6428, 6427)
(6435, 13179)
(6464, 8620)
(6466, 6467)
(6467, 6466)
(6471, 6472)
(6473, 11351)
(6477, 11030)
(6479, 10199)
(6479, 14981)
(6484, 6485)
(6504, 6505)
(6505, 6504)
(6507, 6508)
(6510, 6511)
(6513, 14605)
(6514, 11572)
(6523, 6524)
(6524, 6523)
(6531, 6532)
(6532, 6531)
(6533, 6534)
(6534, 6533)
(6535, 6536)
(6536, 6535)
(6537, 6538)
(6538, 6537)
(6573, 11005)
(6597, 6598)
(6600, 6599)
(6600, 10833)
(6622, 12497)
(6636, 10595)
(6637, 13628)
(6638, 10862)
(6638, 9911)
(6642, 6643)
(6643, 6642)
(6644, 6645)
(6645, 6644)
(6651, 6652)
(6652, 6651)
(6653, 6654)
(6654, 6653)
(6664, 6665)
(6665, 6664)
(6670, 7005)
(6675, 11760)
(6686, 11647)
(6686, 9086)
(6692, 13208)
(6693, 10915)
(6693, 12657)
(6698, 9080)
(6719, 6887)
(6740, 6741)
(6741, 6740)
(6752, 6751)
(6754, 9690)
(6765, 12393)
(6767, 6768)
(6769, 6770)
(6770, 6769)
(6789, 6790)
(6790, 6789)
(6794, 6793)
(6794, 6984)
(6808, 14637)
(6811, 6812)
(6812, 6811)
(6813, 6814)
(6814, 6813)
(6815, 6816)
(6816, 6815)
(6819, 14705)
(6823, 6824)
(6824, 6823)
(6825, 6826)
(6826, 6825)
(6829, 6830)
(6830, 6829)
(6836, 13138)
(6837, 13872)
(6841, 12514)
(6841, 12617)
(6841, 7549)
(6845, 6846)
(6846, 6845)
(6847, 6848)
(6848, 6847)
(6860, 6861)
(6861, 6860)
(6862, 6863)
(6863, 6862)
(6867, 6866)
(6868, 6869)
(6870, 6871)
(6871, 6870)
(6873, 9322)
(6879, 12823)
(6879, 14275)
(6893, 7760)
(6894, 14748)
(6896, 6897)
(6899, 6898)
(6899, 8651)
(6903, 12449)
(6906, 6907)
(6907, 6906)
(6912, 6913)
(6926, 11440)
(6931, 6932)
(6932, 6931)
(6936, 7821)
(6939, 6940)
(6940, 6939)
(6947, 14005)
(6958, 12043)
(6963, 6964)
(6964, 6963)
(6976, 6977)
(6977, 6976)
(6980, 8610)
(6987, 8774)
(6988, 6989)
(6989, 6988)
(6992, 7573)
(6995, 13428)
(7002, 7001)
(7010, 7011)
(7011, 7010)
(7022, 12843)
(7025, 7978)
(7028, 7029)
(7029, 7028)
(7030, 7031)
(7031, 7030)
(7034, 10681)
(7036, 12384)
(7046, 7047)
(7047, 7046)
(7058, 12171)
(7058, 7059)
(7066, 7067)
(7067, 7066)
(7071, 7072)
(7072, 7071)
(7074, 8284)
(7080, 7081)
(7081, 7080)
(7089, 13913)
(7089, 14061)
(7097, 13927)
(7118, 7963)
(7121, 7122)
(7122, 7121)
(7131, 7132)
(7132, 7131)
(7138, 7137)
(7144, 11906)
(7145, 12859)
(7150, 13240)
(7155, 15042)
(7155, 9257)
(7166, 13631)
(7170, 14375)
(7177, 7178)
(7178, 7177)
(7179, 7180)
(7180, 7179)
(7185, 7184)
(7185, 10166)
(7185, 13309)
(7185, 15097)
(7186, 7187)
(7188, 9545)
(7194, 10899)
(7194, 8249)
(7197, 12430)
(7203, 14670)
(7226, 13685)
(7229, 7230)
(7237, 9861)
(7249, 7250)
(7250, 7249)
(7253, 12601)
(7255, 7256)
(7256, 7255)
(7286, 7285)
(7288, 10709)
(7298, 12902)
(7299, 12187)
(7299, 7552)
(7304, 11303)
(7304, 7305)
(7310, 7311)
(7311, 7310)
(7312, 7313)
(7313, 7312)
(7318, 7319)
(7319, 7318)
(7320, 7321)
(7321, 7320)
(7333, 9356)
(7354, 11512)
(7375, 7376)
(7376, 7375)
(7380, 7381)
(7381, 7380)
(7382, 7383)
(7383, 7382)
(7384, 7385)
(7385, 7384)
(7387, 7388)
(7397, 12478)
(7397, 12856)
(7397, 13377)
(7397, 15171)
(7397, 7398)
(7399, 7400)
(7419, 7420)
(7420, 7419)
(7421, 7422)
(7422, 7421)
(7430, 7429)
(7430, 7433)
(7430, 9066)
(7432, 7431)
(7449, 7450)
(7450, 7449)
(7459, 11126)
(7461, 7462)
(7462, 7461)
(7470, 7471)
(7471, 7470)
(7473, 7472)
(7473, 8286)
(7480, 7481)
(7481, 7480)
(7494, 8865)
(7506, 7507)
(7507, 7506)
(7512, 7513)
(7513, 7512)
(7515, 7514)
(7537, 11450)
(7537, 8444)
(7557, 7558)
(7558, 7557)
(7559, 7560)
(7560, 7559)
(7563, 10893)
(7568, 7569)
(7569, 7568)
(7584, 7583)
(7586, 7587)
(7587, 7586)
(7600, 7601)
(7600, 7802)
(7602, 7603)
(7603, 7602)
(7604, 12847)
(7607, 7608)
(7608, 7607)
(7609, 7610)
(7610, 7609)
(7618, 7619)
(7619, 7618)
(7623, 7624)
(7624, 7623)
(7633, 7632)
(7635, 14612)
(7639, 9449)
(7640, 14403)
(7640, 7641)
(7642, 7643)
(7643, 7642)
(7644, 7645)
(7645, 7644)
(7646, 14433)
(7663, 9108)
(7665, 7664)
(7665, 11154)
(7665, 13201)
(7668, 9472)
(7671, 7672)
(7672, 7671)
(7674, 12988)
(7676, 9231)
(7685, 15154)
(7688, 7689)
(7689, 7688)
(7690, 7691)
(7691, 7690)
(7699, 7700)
(7699, 8784)
(7703, 7704)
(7704, 7703)
(7724, 11290)
(7724, 9509)
(7730, 7731)
(7735, 7736)
(7736, 7735)
(7737, 7738)
(7738, 7737)
(7739, 7740)
(7740, 7739)
(7741, 7742)
(7742, 7741)
(7744, 7745)
(7745, 7744)
(7750, 7751)
(7751, 7750)
(7756, 7757)
(7758, 13434)
(7780, 14556)
(7782, 13682)
(7787, 7788)
(7788, 7787)
(7790, 7789)
(7815, 7816)
(7816, 7815)
(7831, 11545)
(7842, 10855)
(7843, 10850)
(7872, 7873)
(7873, 7872)
(7877, 7878)
(7878, 7877)
(7888, 7889)
(7889, 7888)
(7893, 7894)
(7894, 7893)
(7914, 7915)
(7915, 7914)
(7916, 7917)
(7917, 7916)
(7918, 7919)
(7919, 7918)
(7925, 7924)
(7925, 11767)
(7925, 9462)
(7939, 12558)
(7941, 13084)
(7951, 10796)
(7957, 11107)
(7959, 7960)
(7960, 7959)
(7964, 7965)
(7965, 7964)
(7972, 7973)
(7973, 7972)
(7981, 7982)
(7993, 10150)
(8000, 8001)
(8004, 8005)
(8005, 8004)
(8007, 9492)
(8012, 8013)
(8013, 8012)
(8021, 8022)
(8022, 8021)
(8036, 13700)
(8042, 8041)
(8046, 9862)
(8056, 8057)
(8057, 8056)
(8079, 12609)
(8086, 11689)
(8093, 8092)
(8093, 10592)
(8095, 8096)
(8096, 8095)
(8097, 8098)
(8098, 8097)
(8105, 8106)
(8106, 8105)
(8113, 8114)
(8114, 8113)
(8120, 8121)
(8121, 8120)
(8123, 8124)
(8124, 8123)
(8131, 10202)
(8132, 12554)
(8140, 8141)
(8141, 8140)
(8156, 8157)
(8157, 8156)
(8162, 8163)
(8163, 8162)
(8165, 13922)
(8165, 8166)
(8171, 9880)
(8178, 8179)
(8179, 8178)
(8181, 14355)
(8186, 14223)
(8187, 8188)
(8188, 8187)
(8194, 14113)
(8194, 14476)
(8202, 8201)
(8202, 10706)
(8211, 8212)
(8212, 8211)
(8213, 8214)
(8214, 8213)
(8218, 8217)
(8219, 8220)
(8220, 8219)
(8233, 8234)
(8234, 8233)
(8238, 11478)
(8250, 8251)
(8251, 8250)
(8252, 14867)
(8255, 15005)
(8256, 10207)
(8257, 14647)
(8260, 9085)
(8264, 8263)
(8265, 8266)
(8266, 8265)
(8271, 8272)
(8272, 8271)
(8290, 8291)
(8291, 8290)
(8294, 8295)
(8295, 8294)
(8297, 14636)
(8316, 8317)
(8317, 8316)
(8321, 13244)
(8322, 10458)
(8322, 10952)
(8339, 14954)
(8342, 10377)
(8343, 11933)
(8357, 8356)
(8358, 8359)
(8359, 8358)
(8360, 8361)
(8361, 8360)
(8365, 8366)
(8370, 8369)
(8384, 12353)
(8393, 8392)
(8412, 8411)
(8415, 8414)
(8422, 8423)
(8423, 8422)
(8424, 8425)
(8425, 8424)
(8434, 8435)
(8436, 8437)
(8437, 8436)
(8441, 8442)
(8442, 8441)
(8445, 8446)
(8446, 8445)
(8452, 11830)
(8457, 8456)
(8457, 11322)
(8457, 13173)
(8458, 8459)
(8459, 8458)
(8461, 8460)
(8461, 11578)
(8461, 12529)
(8465, 8464)
(8465, 9940)
(8467, 8466)
(8467, 11934)
(8467, 12404)
(8467, 8720)
(8467, 9310)
(8481, 8482)
(8482, 8481)
(8483, 8484)
(8484, 8483)
(8487, 11491)
(8487, 8488)
(8492, 8493)
(8493, 8492)
(8515, 8516)
(8516, 8515)
(8517, 15100)
(8520, 14857)
(8537, 8538)
(8538, 8537)
(8539, 10332)
(8539, 12706)
(8539, 8540)
(8550, 8551)
(8551, 8550)
(8552, 13618)
(8556, 8555)
(8557, 15167)
(8563, 8562)
(8564, 8565)
(8565, 8564)
(8566, 11195)
(8570, 15209)
(8576, 8577)
(8578, 8579)
(8579, 8578)
(8582, 8719)
(8583, 8584)
(8584, 8583)
(8585, 8586)
(8586, 8585)
(8587, 8588)
(8588, 8587)
(8591, 8592)
(8592, 8591)
(8594, 14268)
(8594, 8595)
(8597, 8598)
(8598, 8597)
(8600, 9067)
(8600, 9185)
(8604, 8603)
(8604, 9065)
(8604, 9068)
(8623, 8624)
(8624, 8623)
(8645, 11040)
(8649, 8650)
(8650, 8649)
(8653, 8654)
(8654, 8653)
(8659, 8660)
(8660, 8659)
(8666, 8665)
(8687, 10489)
(8690, 14510)
(8705, 8704)
(8705, 9791)
(8706, 8707)
(8708, 8709)
(8709, 8708)
(8713, 8714)
(8714, 8713)
(8737, 8738)
(8738, 8737)
(8753, 8754)
(8754, 8753)
(8775, 11261)
(8780, 8779)
(8782, 8783)
(8783, 8782)
(8790, 8789)
(8790, 12607)
(8790, 13995)
(8792, 8791)
(8798, 8799)
(8799, 8798)
(8801, 10015)
(8811, 8812)
(8825, 8826)
(8826, 8825)
(8827, 9925)
(8828, 10497)
(8829, 8830)
(8830, 8829)
(8838, 10993)
(8839, 8840)
(8840, 8839)
(8841, 8842)
(8846, 8847)
(8847, 8846)
(8859, 13711)
(8859, 8860)
(8859, 9633)
(8861, 13548)
(8864, 9751)
(8889, 8890)
(8895, 8896)
(8896, 8895)
(8905, 8906)
(8906, 8905)
(8911, 8910)
(8911, 10229)
(8913, 15041)
(8913, 8914)
(8923, 8924)
(8924, 8923)
(8925, 8926)
(8928, 14511)
(8933, 8934)
(8934, 8933)
(8945, 12616)
(8946, 8947)
(8947, 8946)
(8948, 8949)
(8949, 8948)
(8955, 8958)
(8964, 8965)
(8965, 8964)
(8974, 8975)
(8975, 8974)
(8983, 8982)
(8985, 8992)
(8987, 15136)
(8995, 8996)
(8996, 8995)
(9009, 12957)
(9014, 9015)
(9015, 9014)
(9016, 9017)
(9017, 9016)
(9018, 9019)
(9019, 9018)
(9022, 11166)
(9022, 11534)
(9024, 9025)
(9025, 9024)
(9026, 9027)
(9027, 9026)
(9028, 9029)
(9029, 9028)
(9031, 9032)
(9032, 9031)
(9034, 9033)
(9041, 9042)
(9042, 9041)
(9044, 9045)
(9045, 9044)
(9052, 9051)
(9053, 9054)
(9054, 9053)
(9059, 9060)
(9060, 9059)
(9061, 9062)
(9063, 9064)
(9064, 9063)
(9069, 9070)
(9070, 9069)
(9087, 9088)
(9088, 9087)
(9095, 9096)
(9096, 9095)
(9109, 9110)
(9110, 9109)
(9111, 9112)
(9112, 9111)
(9113, 9114)
(9114, 9113)
(9124, 9125)
(9125, 9124)
(9126, 12278)
(9126, 9127)
(9129, 13137)
(9129, 14602)
(9130, 10460)
(9132, 11445)
(9132, 11908)
(9149, 14374)
(9150, 10964)
(9158, 9159)
(9159, 9158)
(9160, 9161)
(9161, 9160)
(9163, 9162)
(9163, 10722)
(9164, 9165)
(9165, 9164)
(9166, 9167)
(9167, 9166)
(9168, 9169)
(9169, 9168)
(9170, 9171)
(9171, 9170)
(9173, 9174)
(9174, 9173)
(9175, 9176)
(9176, 9175)
(9183, 9184)
(9184, 9183)
(9190, 9191)
(9202, 9201)
(9202, 13222)
(9211, 14331)
(9215, 9216)
(9216, 9215)
(9227, 9228)
(9228, 9227)
(9235, 9236)
(9236, 9235)
(9237, 9238)
(9238, 9237)
(9239, 12429)
(9242, 14576)
(9246, 9247)
(9247, 9246)
(9249, 9250)
(9255, 10018)
(9255, 14603)
(9255, 9256)
(9293, 10040)
(9294, 9295)
(9295, 9294)
(9299, 9298)
(9300, 9301)
(9301, 9300)
(9302, 9303)
(9303, 9302)
(9308, 10731)
(9308, 9309)
(9308, 9693)
(9308, 9695)
(9320, 9321)
(9321, 9320)
(9323, 9324)
(9324, 9323)
(9339, 9340)
(9340, 9339)
(9345, 11646)
(9347, 14273)
(9354, 9355)
(9355, 9354)
(9359, 12235)
(9378, 9998)
(9379, 9879)
(9386, 9387)
(9387, 9386)
(9392, 9393)
(9393, 9392)
(9403, 14712)
(9406, 9407)
(9407, 9406)
(9408, 9409)
(9409, 9408)
(9414, 10715)
(9431, 13895)
(9431, 9432)
(9433, 11724)
(9437, 10156)
(9437, 12190)
(9437, 13517)
(9437, 9438)
(9450, 10503)
(9450, 9451)
(9457, 9458)
(9458, 9457)
(9465, 9466)
(9466, 9465)
(9467, 12799)
(9470, 11346)
(9489, 9490)
(9502, 9503)
(9503, 9502)
(9513, 9607)
(9519, 10043)
(9519, 9520)
(9521, 9522)
(9522, 9521)
(9523, 12746)
(9528, 9529)
(9529, 9528)
(9535, 13292)
(9535, 9536)
(9537, 9538)
(9538, 9537)
(9541, 14966)
(9544, 9543)
(9544, 9623)
(9554, 9555)
(9564, 9565)
(9565, 9564)
(9573, 9574)
(9581, 9582)
(9586, 9587)
(9594, 12855)
(9596, 9597)
(9601, 11714)
(9610, 14387)
(9610, 9611)
(9616, 9617)
(9617, 9616)
(9619, 9620)
(9620, 9619)
(9621, 9622)
(9622, 9621)
(9626, 9627)
(9627, 9626)
(9629, 11775)
(9629, 9630)
(9631, 10304)
(9631, 9632)
(9634, 9836)
(9648, 9649)
(9649, 9648)
(9659, 10737)
(9664, 9665)
(9665, 9664)
(9670, 14473)
(9687, 9688)
(9688, 9687)
(9691, 9692)
(9692, 9691)
(9696, 9697)
(9697, 9696)
(9702, 9701)
(9702, 11948)
(9705, 9704)
(9706, 9707)
(9707, 9706)
(9727, 9728)
(9731, 9732)
(9757, 9758)
(9758, 9757)
(9760, 10395)
(9761, 15103)
(9767, 11669)
(9769, 9770)
(9775, 12279)
(9782, 9783)
(9783, 9782)
(9794, 9795)
(9795, 9794)
(9797, 15210)
(9800, 14238)
(9805, 9806)
(9806, 9805)
(9807, 9808)
(9808, 9807)
(9809, 9810)
(9810, 9809)
(9813, 9814)
(9814, 9813)
(9815, 9816)
(9816, 9815)
(9817, 9818)
(9818, 9817)
(9822, 9823)
(9823, 9822)
(9825, 9824)
(9825, 10615)
(9825, 12425)
(9828, 9829)
(9830, 11227)
(9840, 9970)
(9867, 9868)
(9868, 9867)
(9873, 9874)
(9874, 9873)
(9883, 9884)
(9884, 9883)
(9886, 12598)
(9895, 9896)
(9896, 9895)
(9899, 9898)
(9902, 9903)
(9903, 9902)
(9908, 12308)
(9908, 13885)
(9908, 15214)
(9923, 9924)
(9924, 9923)
(9928, 9929)
(9929, 9928)
(9934, 9935)
(9935, 9934)
(9938, 9939)
(9939, 9938)
(9942, 14837)
(9948, 9949)
(9949, 9948)
(9950, 9951)
(9951, 9950)
(9993, 9992)
(9993, 14898)
(10012, 11907)
(10019, 10020)
(10020, 10019)
(10026, 10025)
(10037, 10038)
(10042, 10041)
(10044, 10045)
(10045, 10044)
(10046, 10047)
(10047, 10046)
(10051, 10052)
(10058, 10059)
(10059, 10058)
(10070, 13934)
(10070, 14844)
(10081, 10082)
(10082, 10081)
(10085, 14166)
(10088, 10089)
(10089, 10088)
(10117, 10118)
(10118, 10117)
(10122, 12712)
(10122, 14713)
(10148, 11459)
(10148, 15070)
(10149, 14503)
(10153, 13898)
(10155, 11074)
(10155, 12917)
(10177, 10178)
(10178, 10177)
(10182, 12795)
(10184, 10185)
(10185, 10184)
(10192, 10193)
(10193, 10192)
(10197, 11266)
(10210, 10211)
(10211, 10210)
(10222, 10223)
(10227, 10226)
(10230, 11677)
(10231, 10232)
(10232, 10231)
(10235, 10236)
(10236, 10235)
(10241, 10242)
(10242, 10241)
(10244, 10245)
(10245, 10244)
(10255, 10256)
(10256, 10255)
(10263, 10264)
(10264, 10263)
(10265, 10266)
(10266, 10265)
(10267, 10268)
(10268, 10267)
(10273, 13288)
(10278, 10279)
(10278, 14622)
(10280, 14396)
(10284, 10894)
(10289, 13718)
(10302, 10303)
(10307, 14743)
(10309, 10310)
(10310, 10309)
(10334, 14351)
(10354, 13621)
(10360, 10361)
(10361, 10360)
(10362, 10363)
(10363, 10362)
(10364, 11203)
(10372, 10371)
(10372, 12199)
(10373, 10374)
(10374, 10373)
(10378, 10379)
(10379, 10378)
(10383, 10384)
(10384, 10383)
(10396, 14638)
(10400, 10401)
(10401, 10400)
(10441, 10442)
(10442, 10441)
(10446, 11282)
(10446, 11905)
(10457, 10456)
(10474, 14377)
(10484, 10485)
(10484, 13626)
(10495, 10496)
(10496, 10495)
(10498, 10499)
(10499, 10498)
(10501, 10502)
(10502, 10501)
(10508, 10509)
(10509, 10508)
(10511, 14774)
(10516, 10517)
(10517, 10516)
(10523, 14443)
(10525, 13435)
(10528, 10529)
(10539, 13426)
(10544, 10545)
(10545, 10544)
(10575, 13871)
(10584, 10583)
(10596, 10597)
(10598, 10599)
(10599, 10598)
(10604, 12926)
(10607, 10608)
(10608, 10607)
(10609, 10610)
(10610, 10609)
(10632, 14872)
(10644, 13321)
(10647, 10646)
(10667, 10668)
(10668, 10667)
(10689, 10690)
(10707, 10708)
(10708, 10707)
(10718, 10719)
(10719, 10718)
(10720, 10721)
(10721, 10720)
(10723, 10724)
(10724, 10723)
(10726, 10725)
(10726, 11725)
(10727, 10728)
(10728, 10727)
(10729, 10730)
(10730, 10729)
(10733, 10734)
(10733, 14137)
(10735, 10736)
(10736, 10735)
(10752, 14320)
(10753, 11050)
(10762, 11096)
(10762, 13953)
(10805, 10806)
(10806, 10805)
(10809, 12445)
(10810, 10811)
(10811, 10810)
(10822, 14910)
(10823, 10824)
(10824, 10823)
(10834, 10835)
(10835, 10834)
(10836, 10837)
(10837, 10836)
(10838, 10839)
(10839, 10838)
(10844, 13990)
(10846, 10847)
(10847, 10846)
(10852, 14716)
(10863, 10864)
(10864, 10863)
(10874, 13645)
(10878, 10879)
(10879, 10878)
(10886, 10887)
(10887, 10886)
(10895, 10896)
(10896, 10895)
(10901, 10902)
(10901, 14092)
(10906, 12684)
(10932, 12001)
(10946, 11279)
(10947, 14592)
(10948, 10949)
(10949, 10948)
(10950, 10951)
(10951, 10950)
(10959, 10960)
(10960, 10959)
(10968, 10969)
(10969, 10968)
(10970, 10971)
(10971, 10970)
(10973, 10972)
(10974, 10975)
(10975, 10974)
(10976, 10977)
(10977, 10976)
(10978, 10979)
(10981, 10980)
(10981, 14395)
(10985, 10986)
(10985, 11325)
(10987, 10988)
(10988, 10987)
(11010, 14090)
(11025, 11873)
(11035, 14411)
(11035, 14432)
(11036, 12656)
(11038, 11039)
(11072, 11073)
(11073, 11072)
(11078, 12633)
(11080, 11081)
(11081, 11080)
(11105, 11106)
(11106, 11105)
(11112, 11113)
(11113, 11112)
(11127, 12825)
(11131, 11132)
(11131, 14855)
(11133, 11134)
(11134, 11133)
(11144, 11145)
(11146, 11147)
(11147, 11146)
(11158, 13571)
(11162, 11163)
(11163, 11162)
(11168, 11169)
(11169, 11168)
(11170, 11171)
(11170, 12380)
(11172, 11173)
(11173, 11172)
(11179, 12388)
(11192, 11191)
(11192, 14512)
(11193, 11194)
(11194, 11193)
(11217, 11218)
(11218, 11217)
(11240, 12770)
(11241, 11242)
(11242, 11241)
(11284, 11285)
(11284, 13479)
(11286, 11287)
(11287, 11286)
(11291, 11292)
(11292, 11291)
(11293, 11294)
(11294, 11293)
(11298, 11299)
(11299, 11298)
(11301, 11302)
(11302, 11301)
(11311, 13891)
(11314, 11315)
(11315, 11314)
(11323, 11324)
(11326, 14032)
(11327, 14038)
(11358, 14338)
(11360, 14201)
(11368, 11369)
(11369, 11368)
(11372, 13551)
(11373, 11374)
(11374, 11373)
(11378, 11379)
(11394, 11778)
(11401, 11402)
(11467, 11577)
(11471, 11472)
(11472, 11471)
(11473, 11474)
(11474, 11473)
(11475, 11476)
(11476, 11475)
(11482, 11483)
(11485, 11486)
(11486, 11485)
(11487, 11488)
(11488, 11487)
(11489, 11490)
(11490, 11489)
(11494, 11493)
(11499, 11500)
(11500, 11499)
(11516, 11517)
(11517, 11516)
(11536, 11666)
(11537, 11538)
(11538, 11537)
(11541, 11542)
(11541, 14470)
(11563, 11564)
(11563, 14820)
(11573, 11574)
(11574, 11573)
(11575, 11576)
(11576, 11575)
(11580, 11579)
(11580, 13781)
(11580, 14255)
(11581, 11582)
(11582, 11581)
(11584, 12639)
(11584, 12939)
(11595, 14185)
(11597, 13109)
(11626, 12664)
(11632, 12009)
(11651, 14172)
(11670, 11671)
(11671, 11670)
(11674, 11675)
(11675, 11674)
(11678, 11679)
(11679, 11678)
(11680, 11681)
(11681, 11680)
(11684, 11683)
(11686, 13771)
(11690, 11691)
(11691, 11690)
(11707, 11708)
(11708, 11707)
(11709, 11710)
(11710, 11709)
(11718, 11719)
(11718, 11720)
(11718, 14021)
(11718, 14835)
(11726, 11727)
(11727, 11726)
(11729, 11728)
(11729, 14730)
(11733, 11732)
(11733, 12200)
(11733, 14140)
(11742, 11743)
(11743, 11742)
(11754, 11755)
(11761, 11762)
(11762, 11761)
(11783, 11784)
(11784, 11783)
(11798, 11799)
(11799, 11798)
(11806, 11807)
(11807, 11806)
(11808, 11809)
(11809, 11808)
(11818, 11819)
(11819, 11818)
(11824, 11825)
(11825, 11824)
(11834, 11835)
(11834, 12732)
(11838, 11837)
(11838, 12912)
(11839, 11840)
(11840, 11839)
(11841, 11842)
(11842, 11841)
(11850, 11851)
(11851, 11850)
(11855, 11856)
(11856, 11855)
(11876, 11877)
(11877, 11876)
(11887, 11888)
(11888, 11887)
(11892, 12676)
(11896, 14745)
(11900, 11901)
(11901, 11900)
(11903, 11904)
(11904, 11903)
(11910, 11909)
(11913, 14922)
(11918, 11919)
(11919, 11918)
(11927, 11928)
(11931, 11932)
(11932, 11931)
(11936, 11935)
(11936, 14524)
(11937, 11938)
(11938, 11937)
(11939, 11940)
(11940, 11939)
(11946, 11947)
(11947, 11946)
(11954, 12560)
(11988, 13813)
(11999, 14988)
(12015, 12016)
(12016, 12015)
(12027, 12028)
(12027, 13368)
(12029, 12716)
(12029, 14588)
(12031, 12032)
(12032, 12031)
(12058, 12059)
(12059, 12058)
(12060, 12061)
(12061, 12060)
(12062, 12063)
(12063, 12062)
(12064, 12065)
(12065, 12064)
(12066, 12534)
(12066, 13778)
(12067, 15082)
(12070, 12069)
(12073, 12072)
(12073, 13782)
(12080, 12081)
(12081, 12080)
(12110, 12111)
(12111, 12110)
(12114, 12115)
(12115, 12114)
(12119, 12662)
(12119, 12826)
(12119, 13189)
(12119, 13330)
(12126, 12127)
(12127, 12126)
(12132, 12133)
(12133, 12132)
(12139, 12140)
(12140, 12139)
(12146, 12145)
(12146, 12273)
(12152, 12153)
(12153, 12152)
(12156, 12157)
(12157, 12156)
(12158, 12159)
(12159, 12158)
(12175, 12176)
(12176, 12175)
(12186, 14937)
(12188, 12189)
(12189, 12188)
(12191, 12192)
(12192, 12191)
(12201, 12202)
(12202, 12201)
(12203, 12204)
(12204, 12203)
(12205, 12206)
(12209, 12210)
(12236, 13190)
(12241, 12240)
(12241, 14171)
(12264, 12263)
(12283, 12284)
(12284, 12283)
(12312, 12313)
(12313, 12312)
(12319, 12320)
(12320, 12319)
(12325, 12326)
(12327, 12328)
(12328, 12327)
(12329, 12330)
(12330, 12329)
(12331, 12332)
(12331, 14530)
(12341, 12461)
(12357, 12358)
(12358, 12357)
(12365, 12366)
(12365, 13800)
(12372, 12373)
(12373, 12372)
(12374, 12375)
(12374, 12595)
(12377, 12376)
(12377, 13593)
(12378, 12379)
(12378, 13131)
(12381, 12382)
(12382, 12381)
(12385, 14805)
(12386, 12387)
(12387, 12386)
(12390, 12391)
(12391, 12390)
(12402, 12403)
(12403, 12402)
(12409, 12410)
(12410, 12409)
(12411, 12412)
(12412, 12411)
(12420, 12421)
(12421, 12420)
(12422, 12423)
(12423, 12422)
(12426, 14759)
(12426, 14775)
(12426, 14997)
(12426, 15120)
(12431, 12432)
(12432, 12431)
(12438, 12439)
(12439, 12438)
(12442, 12443)
(12443, 12442)
(12448, 12675)
(12451, 12452)
(12452, 12451)
(12472, 12473)
(12473, 12472)
(12474, 12475)
(12475, 12474)
(12480, 12481)
(12481, 12480)
(12484, 12485)
(12485, 12484)
(12487, 12488)
(12488, 12487)
(12504, 13880)
(12506, 12507)
(12507, 12506)
(12512, 14502)
(12517, 14376)
(12524, 12525)
(12527, 12528)
(12528, 12527)
(12535, 12536)
(12536, 12535)
(12550, 12551)
(12551, 12550)
(12555, 12556)
(12562, 12563)
(12563, 12562)
(12566, 14750)
(12569, 12570)
(12570, 12569)
(12585, 12586)
(12586, 12585)
(12596, 12597)
(12599, 12600)
(12600, 12599)
(12620, 12621)
(12621, 12620)
(12622, 15206)
(12631, 12632)
(12632, 12631)
(12640, 12641)
(12640, 13670)
(12642, 12643)
(12643, 12642)
(12644, 12645)
(12645, 12644)
(12652, 12771)
(12658, 12659)
(12659, 12658)
(12661, 15137)
(12670, 14650)
(12697, 13231)
(12701, 12702)
(12702, 12701)
(12719, 12720)
(12720, 12719)
(12731, 12730)
(12731, 15075)
(12733, 12734)
(12734, 12733)
(12735, 12736)
(12736, 12735)
(12740, 12741)
(12741, 12740)
(12742, 12743)
(12743, 12742)
(12744, 12745)
(12745, 12744)
(12747, 12748)
(12748, 12747)
(12749, 12750)
(12750, 12749)
(12789, 13112)
(12807, 14846)
(12815, 12816)
(12816, 12815)
(12835, 12834)
(12841, 12842)
(12842, 12841)
(12844, 12845)
(12845, 12844)
(12850, 12851)
(12851, 12850)
(12857, 12858)
(12858, 12857)
(12862, 12863)
(12863, 12862)
(12872, 12873)
(12873, 12872)
(12886, 12885)
(12891, 12892)
(12892, 12891)
(12895, 13390)
(12906, 12907)
(12907, 12906)
(12913, 12914)
(12914, 12913)
(12915, 12916)
(12916, 12915)
(12919, 12920)
(12920, 12919)
(12924, 12925)
(12925, 12924)
(12935, 12936)
(12936, 12935)
(12940, 12941)
(12941, 12940)
(12954, 12955)
(12955, 12954)
(12967, 14083)
(12969, 12970)
(12971, 12972)
(12972, 12971)
(12985, 12986)
(12986, 12985)
(12994, 12993)
(13002, 13003)
(13003, 13002)
(13009, 13010)
(13010, 13009)
(13011, 13012)
(13012, 13011)
(13013, 13014)
(13014, 13013)
(13022, 13023)
(13023, 13022)
(13031, 13032)
(13032, 13031)
(13033, 14475)
(13040, 13041)
(13041, 13040)
(13056, 13057)
(13057, 13056)
(13059, 13058)
(13060, 13061)
(13061, 13060)
(13062, 13063)
(13064, 13065)
(13065, 13064)
(13066, 13067)
(13067, 13066)
(13117, 13118)
(13118, 13117)
(13121, 13120)
(13132, 13133)
(13132, 14098)
(13134, 13135)
(13135, 13134)
(13141, 14936)
(13153, 13154)
(13154, 13153)
(13157, 13158)
(13158, 13157)
(13162, 13163)
(13163, 13162)
(13164, 13165)
(13165, 13164)
(13166, 13167)
(13166, 13168)
(13169, 13170)
(13170, 13169)
(13171, 13172)
(13172, 13171)
(13176, 13177)
(13187, 13186)
(13226, 13227)
(13227, 13226)
(13233, 13234)
(13234, 13233)
(13235, 13236)
(13236, 13235)
(13241, 13242)
(13242, 13241)
(13272, 13273)
(13273, 13272)
(13274, 13275)
(13275, 13274)
(13283, 13284)
(13284, 13283)
(13286, 13287)
(13287, 13286)
(13291, 14836)
(13293, 13294)
(13294, 13293)
(13298, 13299)
(13299, 13298)
(13303, 13304)
(13304, 13303)
(13315, 13316)
(13316, 13315)
(13331, 13332)
(13332, 13331)
(13349, 13350)
(13350, 13349)
(13357, 13356)
(13357, 14905)
(13358, 13359)
(13359, 13358)
(13364, 13365)
(13365, 13364)
(13369, 13370)
(13370, 13369)
(13371, 13372)
(13372, 13371)
(13392, 13393)
(13393, 13392)
(13398, 13777)
(13401, 13402)
(13402, 13401)
(13407, 14729)
(13408, 13409)
(13409, 13408)
(13413, 13414)
(13414, 13413)
(13416, 13417)
(13417, 13416)
(13444, 13445)
(13445, 13444)
(13461, 13462)
(13462, 13461)
(13466, 13467)
(13467, 13466)
(13470, 13471)
(13471, 13470)
(13482, 13483)
(13483, 13482)
(13484, 14217)
(13496, 13497)
(13497, 13496)
(13512, 13513)
(13513, 13512)
(13514, 13515)
(13515, 13514)
(13518, 13519)
(13519, 13518)
(13554, 13555)
(13555, 13554)
(13574, 13575)
(13575, 13574)
(13583, 13587)
(13591, 13592)
(13592, 13591)
(13609, 13610)
(13610, 13609)
(13616, 13617)
(13617, 13616)
(13622, 13623)
(13623, 13622)
(13641, 13642)
(13642, 13641)
(13643, 13644)
(13644, 13643)
(13649, 13650)
(13649, 14513)
(13651, 13652)
(13652, 13651)
(13653, 13654)
(13654, 13653)
(13658, 13657)
(13659, 13660)
(13660, 13659)
(13674, 13795)
(13674, 13912)
(13675, 13676)
(13676, 13675)
(13696, 13697)
(13705, 13706)
(13706, 13705)
(13707, 13708)
(13708, 13707)
(13709, 13710)
(13710, 13709)
(13735, 13736)
(13736, 13735)
(13741, 13742)
(13742, 13741)
(13770, 14504)
(13774, 13775)
(13775, 13774)
(13779, 13780)
(13780, 13779)
(13826, 13827)
(13827, 13826)
(13828, 13829)
(13829, 13828)
(13835, 13836)
(13836, 13835)
(13837, 13838)
(13838, 13837)
(13859, 13860)
(13859, 13957)
(13867, 15055)
(13878, 13879)
(13879, 13878)
(13887, 13888)
(13888, 13887)
(13896, 13897)
(13897, 13896)
(13899, 13900)
(13900, 13899)
(13903, 13904)
(13904, 13903)
(13906, 13907)
(13907, 13906)
(13908, 13909)
(13909, 13908)
(13910, 13911)
(13911, 13910)
(13926, 14639)
(13943, 13944)
(13943, 15131)
(13950, 13951)
(13951, 13950)
(13958, 13959)
(13959, 13958)
(13960, 13961)
(13960, 14795)
(13972, 13973)
(13973, 13972)
(13976, 14798)
(13989, 15052)
(13993, 13994)
(13994, 13993)
(14002, 14003)
(14003, 14002)
(14022, 14023)
(14023, 14022)
(14025, 14024)
(14030, 14031)
(14031, 14030)
(14039, 14040)
(14040, 14039)
(14074, 14075)
(14075, 14074)
(14079, 14080)
(14080, 14079)
(14096, 14097)
(14109, 14110)
(14110, 14109)
(14118, 14119)
(14135, 14136)
(14136, 14135)
(14138, 14139)
(14139, 14138)
(14178, 14179)
(14179, 14178)
(14189, 15011)
(14199, 14200)
(14200, 14199)
(14208, 14209)
(14209, 14208)
(14221, 14222)
(14222, 14221)
(14236, 14237)
(14237, 14236)
(14246, 14247)
(14247, 14246)
(14248, 14249)
(14249, 14248)
(14264, 14265)
(14265, 14264)
(14266, 14267)
(14267, 14266)
(14315, 14316)
(14316, 14315)
(14321, 14322)
(14322, 14321)
(14325, 14326)
(14326, 14325)
(14361, 14362)
(14362, 14361)
(14363, 14364)
(14364, 14363)
(14371, 14372)
(14378, 14379)
(14379, 14378)
(14380, 14381)
(14381, 14380)
(14397, 14398)
(14398, 14397)
(14421, 14422)
(14422, 14421)
(14466, 14467)
(14467, 14466)
(14468, 14469)
(14469, 14468)
(14482, 14483)
(14483, 14482)
(14484, 14915)
(14500, 14501)
(14501, 14500)
(14506, 14507)
(14507, 14506)
(14508, 14509)
(14509, 14508)
(14514, 14515)
(14515, 14514)
(14516, 14517)
(14517, 14516)
(14518, 14519)
(14519, 14518)
(14521, 15083)
(14522, 14523)
(14523, 14522)
(14528, 14529)
(14529, 14528)
(14561, 14562)
(14562, 14561)
(14569, 14570)
(14570, 14569)
(14572, 14573)
(14573, 14572)
(14578, 14579)
(14579, 14578)
(14581, 14582)
(14582, 14581)
(14590, 14591)
(14591, 14590)
(14610, 14611)
(14611, 14610)
(14616, 14617)
(14617, 14616)
(14618, 15080)
(14620, 14621)
(14621, 14620)
(14624, 15081)
(14625, 14626)
(14626, 14625)
(14627, 14628)
(14628, 14627)
(14629, 14630)
(14630, 14629)
(14643, 14644)
(14644, 14643)
(14667, 14668)
(14668, 14667)
(14709, 14710)
(14710, 14709)
(14724, 14725)
(14725, 14724)
(14735, 14736)
(14736, 14735)
(14757, 14758)
(14758, 14757)
(14777, 14776)
(14796, 14797)
(14797, 14796)
(14799, 14800)
(14800, 14799)
(14801, 14802)
(14802, 14801)
(14828, 14829)
(14829, 14828)
(14831, 14832)
(14832, 14831)
(14833, 14834)
(14834, 14833)
(14879, 14880)
(14880, 14879)
(14883, 14884)
(14884, 14883)
(14887, 14888)
(14888, 14887)
(14906, 14907)
(14907, 14906)
(14908, 14909)
(14909, 14908)
(14916, 14917)
(14917, 14916)
(14918, 14919)
(14919, 14918)
(14920, 14921)
(14921, 14920)
(14928, 14929)
(14929, 14928)
(14931, 14932)
(14932, 14931)
(14947, 14948)
(14948, 14947)
(14955, 14956)
(14956, 14955)
(14960, 14961)
(14961, 14960)
(14962, 14963)
(14963, 14962)
(14964, 14965)
(14965, 14964)
(14967, 14968)
(14968, 14967)
(14984, 14985)
(14985, 14984)
(14995, 14996)
(14996, 14995)
(15006, 15007)
(15007, 15006)
(15018, 15024)
(15023, 15029)
(15027, 15028)
(15028, 15027)
(15050, 15051)
(15051, 15050)
(15056, 15057)
(15057, 15056)
(15085, 15086)
(15086, 15085)
(15088, 15089)
(15089, 15088)
(15098, 15099)
(15099, 15098)
(15107, 15108)
(15108, 15107)
(15134, 15135)
(15135, 15134)
(15151, 15152)
(15152, 15151)
(15163, 15164)
(15164, 15163)
(15165, 15166)
(15166, 15165)
(15168, 15169)
(15169, 15168)
(15183, 15184)
(15184, 15183)
(15194, 15195)
(15195, 15194)
(15207, 15208)
(15208, 15207)
(15218, 15219)
(15219, 15218)
(15221, 15222)
(15222, 15221)
(15225, 15226)
(15226, 15225)
